epoch,stock,avg_loss,model_name,arch,n_qubits,n_qlayers,lr,lookback,batch_size,n_epoch,seed
1,NVDA,0.15230095674368468,QLSTM,2.2,4,3,0.030000,5,16,50,5
1,DIS,0.04866093541072174,QLSTM,2.2,4,3,0.030000,5,16,50,5
1,KO,0.03439986456016248,QLSTM,2.2,4,3,0.030000,5,16,50,5
1,MO,0.020395316670394757,QLSTM,2.2,4,3,0.030000,5,16,50,5
1,BABA,0.029969461050561884,QLSTM,2.2,4,3,0.030000,5,16,50,5
1,MA,0.01900557851926847,QLSTM,2.2,4,3,0.030000,5,16,50,5
1,V,0.024936323689127512,QLSTM,2.2,4,3,0.030000,5,16,50,5
1,JPM,0.010072511938315902,QLSTM,2.2,4,3,0.030000,5,16,50,5
1,PG,0.01418191748036241,QLSTM,2.2,4,3,0.030000,5,16,50,5
1,TSM,0.006752351298928261,QLSTM,2.2,4,3,0.030000,5,16,50,5
1,META,0.017245338181965053,QLSTM,2.2,4,3,0.030000,5,16,50,5
1,TSLA,0.010213890017687598,QLSTM,2.2,4,3,0.030000,5,16,50,5
1,MSFT,0.010544180986471474,QLSTM,2.2,4,3,0.030000,5,16,50,5
1,AAPL,0.015835010488940912,QLSTM,2.2,4,3,0.030000,5,16,50,5
1,ABBV,0.006348344132261859,QLSTM,2.2,4,3,0.030000,5,16,50,5
1,PEP,0.017817657779563557,QLSTM,2.2,4,3,0.030000,5,16,50,5
1,CRM,0.006404342034577646,QLSTM,2.2,4,3,0.030000,5,16,50,5
1,PFE,0.008476285782473331,QLSTM,2.2,4,3,0.030000,5,16,50,5
1,NFLX,0.0060965671119364824,QLSTM,2.2,4,3,0.030000,5,16,50,5
1,AMD,0.005981463737870482,QLSTM,2.2,4,3,0.030000,5,16,50,5
1,ABT,0.0077687047570097175,QLSTM,2.2,4,3,0.030000,5,16,50,5
1,PM,0.011356630754149095,QLSTM,2.2,4,3,0.030000,5,16,50,5
1,BA,0.00859457293567671,QLSTM,2.2,4,3,0.030000,5,16,50,5
1,NKE,0.00687906820200045,QLSTM,2.2,4,3,0.030000,5,16,50,5
1,GS,0.011890184197744185,QLSTM,2.2,4,3,0.030000,5,16,50,5
1,T,0.006167613880031488,QLSTM,2.2,4,3,0.030000,5,16,50,5
1,C,0.0073154439133676615,QLSTM,2.2,4,3,0.030000,5,16,50,5
1,MU,0.009638623821295121,QLSTM,2.2,4,3,0.030000,5,16,50,5
2,NVDA,0.006489475014280866,QLSTM,2.2,4,3,0.029420,5,16,50,5
2,DIS,0.006625190715898167,QLSTM,2.2,4,3,0.029420,5,16,50,5
2,KO,0.012363387441093271,QLSTM,2.2,4,3,0.029420,5,16,50,5
2,MO,0.010466792610135268,QLSTM,2.2,4,3,0.029420,5,16,50,5
2,BABA,0.0147818657357923,QLSTM,2.2,4,3,0.029420,5,16,50,5
2,MA,0.014161504445258866,QLSTM,2.2,4,3,0.029420,5,16,50,5
2,V,0.018650418041612615,QLSTM,2.2,4,3,0.029420,5,16,50,5
2,JPM,0.007243140261958946,QLSTM,2.2,4,3,0.029420,5,16,50,5
2,PG,0.010738394519483501,QLSTM,2.2,4,3,0.029420,5,16,50,5
2,TSM,0.004817961641079323,QLSTM,2.2,4,3,0.029420,5,16,50,5
2,META,0.0053975977220530194,QLSTM,2.2,4,3,0.029420,5,16,50,5
2,TSLA,0.008097524127647788,QLSTM,2.2,4,3,0.029420,5,16,50,5
2,MSFT,0.00971181762658737,QLSTM,2.2,4,3,0.029420,5,16,50,5
2,AAPL,0.013819491395472804,QLSTM,2.2,4,3,0.029420,5,16,50,5
2,ABBV,0.006239274548451332,QLSTM,2.2,4,3,0.029420,5,16,50,5
2,PEP,0.018309156368063254,QLSTM,2.2,4,3,0.029420,5,16,50,5
2,CRM,0.0065418416422537784,QLSTM,2.2,4,3,0.029420,5,16,50,5
2,PFE,0.007771596460687843,QLSTM,2.2,4,3,0.029420,5,16,50,5
2,NFLX,0.004623528744559735,QLSTM,2.2,4,3,0.029420,5,16,50,5
2,AMD,0.006089181321757761,QLSTM,2.2,4,3,0.029420,5,16,50,5
2,ABT,0.007129222927191718,QLSTM,2.2,4,3,0.029420,5,16,50,5
2,PM,0.011064621641046622,QLSTM,2.2,4,3,0.029420,5,16,50,5
2,BA,0.008126719759523192,QLSTM,2.2,4,3,0.029420,5,16,50,5
2,NKE,0.005504275280558927,QLSTM,2.2,4,3,0.029420,5,16,50,5
2,GS,0.01010372453707863,QLSTM,2.2,4,3,0.029420,5,16,50,5
2,T,0.006014643744988875,QLSTM,2.2,4,3,0.029420,5,16,50,5
2,C,0.006636030368760906,QLSTM,2.2,4,3,0.029420,5,16,50,5
2,MU,0.009021868103776465,QLSTM,2.2,4,3,0.029420,5,16,50,5
3,NVDA,0.0057879229901697145,QLSTM,2.2,4,3,0.028840,5,16,50,5
3,DIS,0.00585940147919411,QLSTM,2.2,4,3,0.028840,5,16,50,5
3,KO,0.013585079514252191,QLSTM,2.2,4,3,0.028840,5,16,50,5
3,MO,0.010639884911308234,QLSTM,2.2,4,3,0.028840,5,16,50,5
3,BABA,0.015137351223860274,QLSTM,2.2,4,3,0.028840,5,16,50,5
3,MA,0.014918381136588076,QLSTM,2.2,4,3,0.028840,5,16,50,5
3,V,0.01790352123366161,QLSTM,2.2,4,3,0.028840,5,16,50,5
3,JPM,0.007332939517006956,QLSTM,2.2,4,3,0.028840,5,16,50,5
3,PG,0.010924174810167064,QLSTM,2.2,4,3,0.028840,5,16,50,5
3,TSM,0.00623516429385001,QLSTM,2.2,4,3,0.028840,5,16,50,5
3,META,0.005222238203383644,QLSTM,2.2,4,3,0.028840,5,16,50,5
3,TSLA,0.009968658327125013,QLSTM,2.2,4,3,0.028840,5,16,50,5
3,MSFT,0.010142471080391922,QLSTM,2.2,4,3,0.028840,5,16,50,5
3,AAPL,0.014085657450116494,QLSTM,2.2,4,3,0.028840,5,16,50,5
3,ABBV,0.007849603235213594,QLSTM,2.2,4,3,0.028840,5,16,50,5
3,PEP,0.017325416376644916,QLSTM,2.2,4,3,0.028840,5,16,50,5
3,CRM,0.005397991652981463,QLSTM,2.2,4,3,0.028840,5,16,50,5
3,PFE,0.007410282036289573,QLSTM,2.2,4,3,0.028840,5,16,50,5
3,NFLX,0.00487679169005291,QLSTM,2.2,4,3,0.028840,5,16,50,5
3,AMD,0.005795804826034741,QLSTM,2.2,4,3,0.028840,5,16,50,5
3,ABT,0.007629130226136608,QLSTM,2.2,4,3,0.028840,5,16,50,5
3,PM,0.011206772718155249,QLSTM,2.2,4,3,0.028840,5,16,50,5
3,BA,0.008379047038033605,QLSTM,2.2,4,3,0.028840,5,16,50,5
3,NKE,0.00547731241253628,QLSTM,2.2,4,3,0.028840,5,16,50,5
3,GS,0.011291938897391612,QLSTM,2.2,4,3,0.028840,5,16,50,5
3,T,0.005708671889310194,QLSTM,2.2,4,3,0.028840,5,16,50,5
3,C,0.006862152039750733,QLSTM,2.2,4,3,0.028840,5,16,50,5
3,MU,0.009009175108407031,QLSTM,2.2,4,3,0.028840,5,16,50,5
4,NVDA,0.006060290393758227,QLSTM,2.2,4,3,0.028260,5,16,50,5
4,DIS,0.005898618054660884,QLSTM,2.2,4,3,0.028260,5,16,50,5
4,KO,0.012151938714933667,QLSTM,2.2,4,3,0.028260,5,16,50,5
4,MO,0.009853912247556516,QLSTM,2.2,4,3,0.028260,5,16,50,5
4,BABA,0.014618273210627112,QLSTM,2.2,4,3,0.028260,5,16,50,5
4,MA,0.01504661375656724,QLSTM,2.2,4,3,0.028260,5,16,50,5
4,V,0.018431545108218084,QLSTM,2.2,4,3,0.028260,5,16,50,5
4,JPM,0.008010961073027416,QLSTM,2.2,4,3,0.028260,5,16,50,5
4,PG,0.010702446589923718,QLSTM,2.2,4,3,0.028260,5,16,50,5
4,TSM,0.005231225069358267,QLSTM,2.2,4,3,0.028260,5,16,50,5
4,META,0.005115798399360342,QLSTM,2.2,4,3,0.028260,5,16,50,5
4,TSLA,0.008540223455797373,QLSTM,2.2,4,3,0.028260,5,16,50,5
4,MSFT,0.009271630181253633,QLSTM,2.2,4,3,0.028260,5,16,50,5
4,AAPL,0.013659760504114356,QLSTM,2.2,4,3,0.028260,5,16,50,5
4,ABBV,0.00532702341760424,QLSTM,2.2,4,3,0.028260,5,16,50,5
4,PEP,0.0160892367659306,QLSTM,2.2,4,3,0.028260,5,16,50,5
4,CRM,0.007838833082297986,QLSTM,2.2,4,3,0.028260,5,16,50,5
4,PFE,0.007436354242434556,QLSTM,2.2,4,3,0.028260,5,16,50,5
4,NFLX,0.004277810660741207,QLSTM,2.2,4,3,0.028260,5,16,50,5
4,AMD,0.005742701289074665,QLSTM,2.2,4,3,0.028260,5,16,50,5
4,ABT,0.007219947239553387,QLSTM,2.2,4,3,0.028260,5,16,50,5
4,PM,0.01059049543585967,QLSTM,2.2,4,3,0.028260,5,16,50,5
4,BA,0.008412446509200063,QLSTM,2.2,4,3,0.028260,5,16,50,5
4,NKE,0.005533914944284003,QLSTM,2.2,4,3,0.028260,5,16,50,5
4,GS,0.010644249279390682,QLSTM,2.2,4,3,0.028260,5,16,50,5
4,T,0.0056602111673617565,QLSTM,2.2,4,3,0.028260,5,16,50,5
4,C,0.006475313217379153,QLSTM,2.2,4,3,0.028260,5,16,50,5
4,MU,0.008857919961552729,QLSTM,2.2,4,3,0.028260,5,16,50,5
5,NVDA,0.005542356589682062,QLSTM,2.2,4,3,0.027680,5,16,50,5
5,DIS,0.006270008045248687,QLSTM,2.2,4,3,0.027680,5,16,50,5
5,KO,0.011964095692912286,QLSTM,2.2,4,3,0.027680,5,16,50,5
5,MO,0.009272366550497034,QLSTM,2.2,4,3,0.027680,5,16,50,5
5,BABA,0.016662885339676657,QLSTM,2.2,4,3,0.027680,5,16,50,5
5,MA,0.015439717331901193,QLSTM,2.2,4,3,0.027680,5,16,50,5
5,V,0.018659701528535647,QLSTM,2.2,4,3,0.027680,5,16,50,5
5,JPM,0.007158648624846881,QLSTM,2.2,4,3,0.027680,5,16,50,5
5,PG,0.01067176298238337,QLSTM,2.2,4,3,0.027680,5,16,50,5
5,TSM,0.005482739430259575,QLSTM,2.2,4,3,0.027680,5,16,50,5
5,META,0.004972899258560078,QLSTM,2.2,4,3,0.027680,5,16,50,5
5,TSLA,0.00855854673797942,QLSTM,2.2,4,3,0.027680,5,16,50,5
5,MSFT,0.009264713174409488,QLSTM,2.2,4,3,0.027680,5,16,50,5
5,AAPL,0.014324501072141256,QLSTM,2.2,4,3,0.027680,5,16,50,5
5,ABBV,0.005107104212088002,QLSTM,2.2,4,3,0.027680,5,16,50,5
5,PEP,0.016643605279651554,QLSTM,2.2,4,3,0.027680,5,16,50,5
5,CRM,0.006636580822735347,QLSTM,2.2,4,3,0.027680,5,16,50,5
5,PFE,0.007929513379084792,QLSTM,2.2,4,3,0.027680,5,16,50,5
5,NFLX,0.00469174891689115,QLSTM,2.2,4,3,0.027680,5,16,50,5
5,AMD,0.005477530701847916,QLSTM,2.2,4,3,0.027680,5,16,50,5
5,ABT,0.007119131613184105,QLSTM,2.2,4,3,0.027680,5,16,50,5
5,PM,0.01139999527103183,QLSTM,2.2,4,3,0.027680,5,16,50,5
5,BA,0.007728944193910469,QLSTM,2.2,4,3,0.027680,5,16,50,5
5,NKE,0.005092484892388297,QLSTM,2.2,4,3,0.027680,5,16,50,5
5,GS,0.010008403989063068,QLSTM,2.2,4,3,0.027680,5,16,50,5
5,T,0.006289921351708472,QLSTM,2.2,4,3,0.027680,5,16,50,5
5,C,0.006684000487439334,QLSTM,2.2,4,3,0.027680,5,16,50,5
5,MU,0.008784165605902672,QLSTM,2.2,4,3,0.027680,5,16,50,5
6,NVDA,0.0054302819242531605,QLSTM,2.2,4,3,0.027100,5,16,50,5
6,DIS,0.005890956725290214,QLSTM,2.2,4,3,0.027100,5,16,50,5
6,KO,0.012360694733532991,QLSTM,2.2,4,3,0.027100,5,16,50,5
6,MO,0.00912523513067175,QLSTM,2.2,4,3,0.027100,5,16,50,5
6,BABA,0.013205326712605629,QLSTM,2.2,4,3,0.027100,5,16,50,5
6,MA,0.014180550859733061,QLSTM,2.2,4,3,0.027100,5,16,50,5
6,V,0.01829317612150176,QLSTM,2.2,4,3,0.027100,5,16,50,5
6,JPM,0.006992473775012927,QLSTM,2.2,4,3,0.027100,5,16,50,5
6,PG,0.010943072382360697,QLSTM,2.2,4,3,0.027100,5,16,50,5
6,TSM,0.004998877231793647,QLSTM,2.2,4,3,0.027100,5,16,50,5
6,META,0.005510311838324097,QLSTM,2.2,4,3,0.027100,5,16,50,5
6,TSLA,0.008275871974712407,QLSTM,2.2,4,3,0.027100,5,16,50,5
6,MSFT,0.01038056252185594,QLSTM,2.2,4,3,0.027100,5,16,50,5
6,AAPL,0.014399856117300013,QLSTM,2.2,4,3,0.027100,5,16,50,5
6,ABBV,0.006418337738564746,QLSTM,2.2,4,3,0.027100,5,16,50,5
6,PEP,0.01708138691769405,QLSTM,2.2,4,3,0.027100,5,16,50,5
6,CRM,0.008146131432361224,QLSTM,2.2,4,3,0.027100,5,16,50,5
6,PFE,0.007599608147178184,QLSTM,2.2,4,3,0.027100,5,16,50,5
6,NFLX,0.004778398740613325,QLSTM,2.2,4,3,0.027100,5,16,50,5
6,AMD,0.005445643576835705,QLSTM,2.2,4,3,0.027100,5,16,50,5
6,ABT,0.006998449690978636,QLSTM,2.2,4,3,0.027100,5,16,50,5
6,PM,0.011555028465491805,QLSTM,2.2,4,3,0.027100,5,16,50,5
6,BA,0.007858401333743876,QLSTM,2.2,4,3,0.027100,5,16,50,5
6,NKE,0.004965987770860506,QLSTM,2.2,4,3,0.027100,5,16,50,5
6,GS,0.010544425268149511,QLSTM,2.2,4,3,0.027100,5,16,50,5
6,T,0.005771700901360336,QLSTM,2.2,4,3,0.027100,5,16,50,5
6,C,0.006355791437354955,QLSTM,2.2,4,3,0.027100,5,16,50,5
6,MU,0.008597031129862775,QLSTM,2.2,4,3,0.027100,5,16,50,5
7,NVDA,0.005762153294530104,QLSTM,2.2,4,3,0.026520,5,16,50,5
7,DIS,0.005562456790357828,QLSTM,2.2,4,3,0.026520,5,16,50,5
7,KO,0.012197791217741642,QLSTM,2.2,4,3,0.026520,5,16,50,5
7,MO,0.008683457801287825,QLSTM,2.2,4,3,0.026520,5,16,50,5
7,BABA,0.014763637160120363,QLSTM,2.2,4,3,0.026520,5,16,50,5
7,MA,0.014462226345627145,QLSTM,2.2,4,3,0.026520,5,16,50,5
7,V,0.017954176757484674,QLSTM,2.2,4,3,0.026520,5,16,50,5
7,JPM,0.006415839127095585,QLSTM,2.2,4,3,0.026520,5,16,50,5
7,PG,0.01006197002293034,QLSTM,2.2,4,3,0.026520,5,16,50,5
7,TSM,0.004452914989087731,QLSTM,2.2,4,3,0.026520,5,16,50,5
7,META,0.004474398087371479,QLSTM,2.2,4,3,0.026520,5,16,50,5
7,TSLA,0.009181083677421239,QLSTM,2.2,4,3,0.026520,5,16,50,5
7,MSFT,0.009522320702672005,QLSTM,2.2,4,3,0.026520,5,16,50,5
7,AAPL,0.01362740906717425,QLSTM,2.2,4,3,0.026520,5,16,50,5
7,ABBV,0.005857753398066217,QLSTM,2.2,4,3,0.026520,5,16,50,5
7,PEP,0.017127588391304016,QLSTM,2.2,4,3,0.026520,5,16,50,5
7,CRM,0.005753217910585756,QLSTM,2.2,4,3,0.026520,5,16,50,5
7,PFE,0.0070776799058710985,QLSTM,2.2,4,3,0.026520,5,16,50,5
7,NFLX,0.004233472546647218,QLSTM,2.2,4,3,0.026520,5,16,50,5
7,AMD,0.005829680340618573,QLSTM,2.2,4,3,0.026520,5,16,50,5
7,ABT,0.007003146488304165,QLSTM,2.2,4,3,0.026520,5,16,50,5
7,PM,0.010980063805949281,QLSTM,2.2,4,3,0.026520,5,16,50,5
7,BA,0.007957582340829751,QLSTM,2.2,4,3,0.026520,5,16,50,5
7,NKE,0.005109563332305036,QLSTM,2.2,4,3,0.026520,5,16,50,5
7,GS,0.010302273302593014,QLSTM,2.2,4,3,0.026520,5,16,50,5
7,T,0.005535820678977127,QLSTM,2.2,4,3,0.026520,5,16,50,5
7,C,0.0066248159961436286,QLSTM,2.2,4,3,0.026520,5,16,50,5
7,MU,0.008722570110959086,QLSTM,2.2,4,3,0.026520,5,16,50,5
8,NVDA,0.005939882502637126,QLSTM,2.2,4,3,0.025940,5,16,50,5
8,DIS,0.005899495138278739,QLSTM,2.2,4,3,0.025940,5,16,50,5
8,KO,0.011587539772418413,QLSTM,2.2,4,3,0.025940,5,16,50,5
8,MO,0.01097091647203673,QLSTM,2.2,4,3,0.025940,5,16,50,5
8,BABA,0.01438771112060005,QLSTM,2.2,4,3,0.025940,5,16,50,5
8,MA,0.01494548002003946,QLSTM,2.2,4,3,0.025940,5,16,50,5
8,V,0.017069268019192597,QLSTM,2.2,4,3,0.025940,5,16,50,5
8,JPM,0.006375503980300643,QLSTM,2.2,4,3,0.025940,5,16,50,5
8,PG,0.009645346721464937,QLSTM,2.2,4,3,0.025940,5,16,50,5
8,TSM,0.004415135502561249,QLSTM,2.2,4,3,0.025940,5,16,50,5
8,META,0.004739736378806728,QLSTM,2.2,4,3,0.025940,5,16,50,5
8,TSLA,0.008292377249083736,QLSTM,2.2,4,3,0.025940,5,16,50,5
8,MSFT,0.009734915103763342,QLSTM,2.2,4,3,0.025940,5,16,50,5
8,AAPL,0.014114826409654184,QLSTM,2.2,4,3,0.025940,5,16,50,5
8,ABBV,0.004934668350456791,QLSTM,2.2,4,3,0.025940,5,16,50,5
8,PEP,0.01664771910079501,QLSTM,2.2,4,3,0.025940,5,16,50,5
8,CRM,0.005740836696614596,QLSTM,2.2,4,3,0.025940,5,16,50,5
8,PFE,0.007640069287100976,QLSTM,2.2,4,3,0.025940,5,16,50,5
8,NFLX,0.0041254439962689175,QLSTM,2.2,4,3,0.025940,5,16,50,5
8,AMD,0.005602231503210284,QLSTM,2.2,4,3,0.025940,5,16,50,5
8,ABT,0.006824670327742669,QLSTM,2.2,4,3,0.025940,5,16,50,5
8,PM,0.011468056398867206,QLSTM,2.2,4,3,0.025940,5,16,50,5
8,BA,0.008054001965898682,QLSTM,2.2,4,3,0.025940,5,16,50,5
8,NKE,0.004728589831343429,QLSTM,2.2,4,3,0.025940,5,16,50,5
8,GS,0.010227323742583394,QLSTM,2.2,4,3,0.025940,5,16,50,5
8,T,0.005449563010849736,QLSTM,2.2,4,3,0.025940,5,16,50,5
8,C,0.006544526719318872,QLSTM,2.2,4,3,0.025940,5,16,50,5
8,MU,0.008222872454842383,QLSTM,2.2,4,3,0.025940,5,16,50,5
9,NVDA,0.005420582749965516,QLSTM,2.2,4,3,0.025360,5,16,50,5
9,DIS,0.005397480277513916,QLSTM,2.2,4,3,0.025360,5,16,50,5
9,KO,0.01183274914298884,QLSTM,2.2,4,3,0.025360,5,16,50,5
9,MO,0.009089460003782402,QLSTM,2.2,4,3,0.025360,5,16,50,5
9,BABA,0.01361203098415651,QLSTM,2.2,4,3,0.025360,5,16,50,5
9,MA,0.014453652166676793,QLSTM,2.2,4,3,0.025360,5,16,50,5
9,V,0.018158365273848176,QLSTM,2.2,4,3,0.025360,5,16,50,5
9,JPM,0.00683422684034502,QLSTM,2.2,4,3,0.025360,5,16,50,5
9,PG,0.00978815872010521,QLSTM,2.2,4,3,0.025360,5,16,50,5
9,TSM,0.0043303875665349715,QLSTM,2.2,4,3,0.025360,5,16,50,5
9,META,0.004567272114482793,QLSTM,2.2,4,3,0.025360,5,16,50,5
9,TSLA,0.00904512865236029,QLSTM,2.2,4,3,0.025360,5,16,50,5
9,MSFT,0.010459377303380857,QLSTM,2.2,4,3,0.025360,5,16,50,5
9,AAPL,0.013554741882465103,QLSTM,2.2,4,3,0.025360,5,16,50,5
9,ABBV,0.005210942302999849,QLSTM,2.2,4,3,0.025360,5,16,50,5
9,PEP,0.015766454416073182,QLSTM,2.2,4,3,0.025360,5,16,50,5
9,CRM,0.005571219403381375,QLSTM,2.2,4,3,0.025360,5,16,50,5
9,PFE,0.007053626754151826,QLSTM,2.2,4,3,0.025360,5,16,50,5
9,NFLX,0.0037615361030806193,QLSTM,2.2,4,3,0.025360,5,16,50,5
9,AMD,0.005283167501064864,QLSTM,2.2,4,3,0.025360,5,16,50,5
9,ABT,0.006911951318298551,QLSTM,2.2,4,3,0.025360,5,16,50,5
9,PM,0.011181740132583813,QLSTM,2.2,4,3,0.025360,5,16,50,5
9,BA,0.00792123449288986,QLSTM,2.2,4,3,0.025360,5,16,50,5
9,NKE,0.005063450339631262,QLSTM,2.2,4,3,0.025360,5,16,50,5
9,GS,0.010036771164529702,QLSTM,2.2,4,3,0.025360,5,16,50,5
9,T,0.005366998454767533,QLSTM,2.2,4,3,0.025360,5,16,50,5
9,C,0.006288521796126257,QLSTM,2.2,4,3,0.025360,5,16,50,5
9,MU,0.008020310260524804,QLSTM,2.2,4,3,0.025360,5,16,50,5
10,NVDA,0.00559072904500433,QLSTM,2.2,4,3,0.024780,5,16,50,5
10,DIS,0.005842812126502395,QLSTM,2.2,4,3,0.024780,5,16,50,5
10,KO,0.011246863202276554,QLSTM,2.2,4,3,0.024780,5,16,50,5
10,MO,0.009451055751097474,QLSTM,2.2,4,3,0.024780,5,16,50,5
10,BABA,0.013656294079158793,QLSTM,2.2,4,3,0.024780,5,16,50,5
10,MA,0.015048432121561333,QLSTM,2.2,4,3,0.024780,5,16,50,5
10,V,0.018842082512988287,QLSTM,2.2,4,3,0.024780,5,16,50,5
10,JPM,0.006178661757572131,QLSTM,2.2,4,3,0.024780,5,16,50,5
10,PG,0.009692478046583181,QLSTM,2.2,4,3,0.024780,5,16,50,5
10,TSM,0.004278528683988208,QLSTM,2.2,4,3,0.024780,5,16,50,5
10,META,0.004483985005539249,QLSTM,2.2,4,3,0.024780,5,16,50,5
10,TSLA,0.008312788971869106,QLSTM,2.2,4,3,0.024780,5,16,50,5
10,MSFT,0.008570231920616194,QLSTM,2.2,4,3,0.024780,5,16,50,5
10,AAPL,0.013825967251746491,QLSTM,2.2,4,3,0.024780,5,16,50,5
10,ABBV,0.005393832964314656,QLSTM,2.2,4,3,0.024780,5,16,50,5
10,PEP,0.016545195640488106,QLSTM,2.2,4,3,0.024780,5,16,50,5
10,CRM,0.005417038718323139,QLSTM,2.2,4,3,0.024780,5,16,50,5
10,PFE,0.007039506623352116,QLSTM,2.2,4,3,0.024780,5,16,50,5
10,NFLX,0.004314865766156634,QLSTM,2.2,4,3,0.024780,5,16,50,5
10,AMD,0.0053369161059063945,QLSTM,2.2,4,3,0.024780,5,16,50,5
10,ABT,0.006614402232860977,QLSTM,2.2,4,3,0.024780,5,16,50,5
10,PM,0.011342734680511057,QLSTM,2.2,4,3,0.024780,5,16,50,5
10,BA,0.007350338337180967,QLSTM,2.2,4,3,0.024780,5,16,50,5
10,NKE,0.004549579372079196,QLSTM,2.2,4,3,0.024780,5,16,50,5
10,GS,0.009714162252335385,QLSTM,2.2,4,3,0.024780,5,16,50,5
10,T,0.0051654845751314,QLSTM,2.2,4,3,0.024780,5,16,50,5
10,C,0.006488252081908286,QLSTM,2.2,4,3,0.024780,5,16,50,5
10,MU,0.008578000992367213,QLSTM,2.2,4,3,0.024780,5,16,50,5
11,NVDA,0.00570749503094703,QLSTM,2.2,4,3,0.024200,5,16,50,5
11,DIS,0.005151719532229684,QLSTM,2.2,4,3,0.024200,5,16,50,5
11,KO,0.011686529964208603,QLSTM,2.2,4,3,0.024200,5,16,50,5
11,MO,0.009775216199076649,QLSTM,2.2,4,3,0.024200,5,16,50,5
11,BABA,0.01385647693479603,QLSTM,2.2,4,3,0.024200,5,16,50,5
11,MA,0.01498874547806653,QLSTM,2.2,4,3,0.024200,5,16,50,5
11,V,0.018290042178705335,QLSTM,2.2,4,3,0.024200,5,16,50,5
11,JPM,0.006279165644875981,QLSTM,2.2,4,3,0.024200,5,16,50,5
11,PG,0.009738890316591343,QLSTM,2.2,4,3,0.024200,5,16,50,5
11,TSM,0.00399764755804261,QLSTM,2.2,4,3,0.024200,5,16,50,5
11,META,0.0042825576119040224,QLSTM,2.2,4,3,0.024200,5,16,50,5
11,TSLA,0.008795308504803952,QLSTM,2.2,4,3,0.024200,5,16,50,5
11,MSFT,0.008587923758155242,QLSTM,2.2,4,3,0.024200,5,16,50,5
11,AAPL,0.013266181911934505,QLSTM,2.2,4,3,0.024200,5,16,50,5
11,ABBV,0.004942367752929303,QLSTM,2.2,4,3,0.024200,5,16,50,5
11,PEP,0.015695568893782118,QLSTM,2.2,4,3,0.024200,5,16,50,5
11,CRM,0.006174762775613503,QLSTM,2.2,4,3,0.024200,5,16,50,5
11,PFE,0.007118281283923848,QLSTM,2.2,4,3,0.024200,5,16,50,5
11,NFLX,0.004050076830687679,QLSTM,2.2,4,3,0.024200,5,16,50,5
11,AMD,0.005389303730970079,QLSTM,2.2,4,3,0.024200,5,16,50,5
11,ABT,0.006763603236653249,QLSTM,2.2,4,3,0.024200,5,16,50,5
11,PM,0.010540503839200193,QLSTM,2.2,4,3,0.024200,5,16,50,5
11,BA,0.0075140665708617735,QLSTM,2.2,4,3,0.024200,5,16,50,5
11,NKE,0.0042690530112436545,QLSTM,2.2,4,3,0.024200,5,16,50,5
11,GS,0.00985590283843604,QLSTM,2.2,4,3,0.024200,5,16,50,5
11,T,0.0054673339473083615,QLSTM,2.2,4,3,0.024200,5,16,50,5
11,C,0.006455369388938628,QLSTM,2.2,4,3,0.024200,5,16,50,5
11,MU,0.008456973411904817,QLSTM,2.2,4,3,0.024200,5,16,50,5
12,NVDA,0.0056498116517270155,QLSTM,2.2,4,3,0.023620,5,16,50,5
12,DIS,0.0051201830872080545,QLSTM,2.2,4,3,0.023620,5,16,50,5
12,KO,0.011066934538327834,QLSTM,2.2,4,3,0.023620,5,16,50,5
12,MO,0.00879069745794616,QLSTM,2.2,4,3,0.023620,5,16,50,5
12,BABA,0.015029932583936235,QLSTM,2.2,4,3,0.023620,5,16,50,5
12,MA,0.014365447843870656,QLSTM,2.2,4,3,0.023620,5,16,50,5
12,V,0.017942481504922562,QLSTM,2.2,4,3,0.023620,5,16,50,5
12,JPM,0.006677718282761899,QLSTM,2.2,4,3,0.023620,5,16,50,5
12,PG,0.009862196938642724,QLSTM,2.2,4,3,0.023620,5,16,50,5
12,TSM,0.0040437038776210766,QLSTM,2.2,4,3,0.023620,5,16,50,5
12,META,0.004433183814398944,QLSTM,2.2,4,3,0.023620,5,16,50,5
12,TSLA,0.008252909766848792,QLSTM,2.2,4,3,0.023620,5,16,50,5
12,MSFT,0.008735680889168923,QLSTM,2.2,4,3,0.023620,5,16,50,5
12,AAPL,0.013327840461649677,QLSTM,2.2,4,3,0.023620,5,16,50,5
12,ABBV,0.005647921622519128,QLSTM,2.2,4,3,0.023620,5,16,50,5
12,PEP,0.015364290574904193,QLSTM,2.2,4,3,0.023620,5,16,50,5
12,CRM,0.006234274034134366,QLSTM,2.2,4,3,0.023620,5,16,50,5
12,PFE,0.006930820135907693,QLSTM,2.2,4,3,0.023620,5,16,50,5
12,NFLX,0.003982384792338548,QLSTM,2.2,4,3,0.023620,5,16,50,5
12,AMD,0.005512962837449529,QLSTM,2.2,4,3,0.023620,5,16,50,5
12,ABT,0.006703117417848923,QLSTM,2.2,4,3,0.023620,5,16,50,5
12,PM,0.0106499177954075,QLSTM,2.2,4,3,0.023620,5,16,50,5
12,BA,0.007266457996923815,QLSTM,2.2,4,3,0.023620,5,16,50,5
12,NKE,0.00465736881067807,QLSTM,2.2,4,3,0.023620,5,16,50,5
12,GS,0.010492660846053199,QLSTM,2.2,4,3,0.023620,5,16,50,5
12,T,0.005230318453289907,QLSTM,2.2,4,3,0.023620,5,16,50,5
12,C,0.006941668721000579,QLSTM,2.2,4,3,0.023620,5,16,50,5
12,MU,0.008101502433419228,QLSTM,2.2,4,3,0.023620,5,16,50,5
13,NVDA,0.005655213100412352,QLSTM,2.2,4,3,0.023040,5,16,50,5
13,DIS,0.005506916469047693,QLSTM,2.2,4,3,0.023040,5,16,50,5
13,KO,0.01079034505792978,QLSTM,2.2,4,3,0.023040,5,16,50,5
13,MO,0.008932197614657607,QLSTM,2.2,4,3,0.023040,5,16,50,5
13,BABA,0.014488547659394417,QLSTM,2.2,4,3,0.023040,5,16,50,5
13,MA,0.014489916132085702,QLSTM,2.2,4,3,0.023040,5,16,50,5
13,V,0.01807274256663566,QLSTM,2.2,4,3,0.023040,5,16,50,5
13,JPM,0.006019362978721884,QLSTM,2.2,4,3,0.023040,5,16,50,5
13,PG,0.010360944095406343,QLSTM,2.2,4,3,0.023040,5,16,50,5
13,TSM,0.004683518972755833,QLSTM,2.2,4,3,0.023040,5,16,50,5
13,META,0.004393774254078215,QLSTM,2.2,4,3,0.023040,5,16,50,5
13,TSLA,0.00814861775143072,QLSTM,2.2,4,3,0.023040,5,16,50,5
13,MSFT,0.008512991575778207,QLSTM,2.2,4,3,0.023040,5,16,50,5
13,AAPL,0.012614142551848834,QLSTM,2.2,4,3,0.023040,5,16,50,5
13,ABBV,0.005784042327749458,QLSTM,2.2,4,3,0.023040,5,16,50,5
13,PEP,0.016163940520279786,QLSTM,2.2,4,3,0.023040,5,16,50,5
13,CRM,0.0057010303822938695,QLSTM,2.2,4,3,0.023040,5,16,50,5
13,PFE,0.00797557369382544,QLSTM,2.2,4,3,0.023040,5,16,50,5
13,NFLX,0.004013529005037112,QLSTM,2.2,4,3,0.023040,5,16,50,5
13,AMD,0.005384898712773892,QLSTM,2.2,4,3,0.023040,5,16,50,5
13,ABT,0.006887036724947393,QLSTM,2.2,4,3,0.023040,5,16,50,5
13,PM,0.010640274225310846,QLSTM,2.2,4,3,0.023040,5,16,50,5
13,BA,0.007724852915006605,QLSTM,2.2,4,3,0.023040,5,16,50,5
13,NKE,0.004358417296316475,QLSTM,2.2,4,3,0.023040,5,16,50,5
13,GS,0.009797284400767901,QLSTM,2.2,4,3,0.023040,5,16,50,5
13,T,0.005084644939581101,QLSTM,2.2,4,3,0.023040,5,16,50,5
13,C,0.007165378806265918,QLSTM,2.2,4,3,0.023040,5,16,50,5
13,MU,0.008339969420128247,QLSTM,2.2,4,3,0.023040,5,16,50,5
14,NVDA,0.005660390566018495,QLSTM,2.2,4,3,0.022460,5,16,50,5
14,DIS,0.005055797593244774,QLSTM,2.2,4,3,0.022460,5,16,50,5
14,KO,0.011042396347461776,QLSTM,2.2,4,3,0.022460,5,16,50,5
14,MO,0.00884613574651832,QLSTM,2.2,4,3,0.022460,5,16,50,5
14,BABA,0.014606650082648477,QLSTM,2.2,4,3,0.022460,5,16,50,5
14,MA,0.0141985500019721,QLSTM,2.2,4,3,0.022460,5,16,50,5
14,V,0.019281146984378047,QLSTM,2.2,4,3,0.022460,5,16,50,5
14,JPM,0.006025460866195234,QLSTM,2.2,4,3,0.022460,5,16,50,5
14,PG,0.010454920025288382,QLSTM,2.2,4,3,0.022460,5,16,50,5
14,TSM,0.005080463967963376,QLSTM,2.2,4,3,0.022460,5,16,50,5
14,META,0.004492926760576665,QLSTM,2.2,4,3,0.022460,5,16,50,5
14,TSLA,0.00784511035519906,QLSTM,2.2,4,3,0.022460,5,16,50,5
14,MSFT,0.00912021439183842,QLSTM,2.2,4,3,0.022460,5,16,50,5
14,AAPL,0.012911249036816034,QLSTM,2.2,4,3,0.022460,5,16,50,5
14,ABBV,0.005129419214261527,QLSTM,2.2,4,3,0.022460,5,16,50,5
14,PEP,0.015816098544746637,QLSTM,2.2,4,3,0.022460,5,16,50,5
14,CRM,0.006165935657918453,QLSTM,2.2,4,3,0.022460,5,16,50,5
14,PFE,0.00682187673043121,QLSTM,2.2,4,3,0.022460,5,16,50,5
14,NFLX,0.0037616910783319986,QLSTM,2.2,4,3,0.022460,5,16,50,5
14,AMD,0.005196893799372695,QLSTM,2.2,4,3,0.022460,5,16,50,5
14,ABT,0.006597785628400743,QLSTM,2.2,4,3,0.022460,5,16,50,5
14,PM,0.011674074519594962,QLSTM,2.2,4,3,0.022460,5,16,50,5
14,BA,0.00770948363722048,QLSTM,2.2,4,3,0.022460,5,16,50,5
14,NKE,0.004788395668252964,QLSTM,2.2,4,3,0.022460,5,16,50,5
14,GS,0.009624542795460333,QLSTM,2.2,4,3,0.022460,5,16,50,5
14,T,0.00516019246159968,QLSTM,2.2,4,3,0.022460,5,16,50,5
14,C,0.007014952779916877,QLSTM,2.2,4,3,0.022460,5,16,50,5
14,MU,0.008290298568846827,QLSTM,2.2,4,3,0.022460,5,16,50,5
15,NVDA,0.005741561106829481,QLSTM,2.2,4,3,0.021880,5,16,50,5
15,DIS,0.006597085263241421,QLSTM,2.2,4,3,0.021880,5,16,50,5
15,KO,0.011175920424813574,QLSTM,2.2,4,3,0.021880,5,16,50,5
15,MO,0.009180164329749956,QLSTM,2.2,4,3,0.021880,5,16,50,5
15,BABA,0.015571567060595209,QLSTM,2.2,4,3,0.021880,5,16,50,5
15,MA,0.015010537918318401,QLSTM,2.2,4,3,0.021880,5,16,50,5
15,V,0.01772365920160982,QLSTM,2.2,4,3,0.021880,5,16,50,5
15,JPM,0.006397721156562594,QLSTM,2.2,4,3,0.021880,5,16,50,5
15,PG,0.010248480375263502,QLSTM,2.2,4,3,0.021880,5,16,50,5
15,TSM,0.004186309588311071,QLSTM,2.2,4,3,0.021880,5,16,50,5
15,META,0.004301067314703356,QLSTM,2.2,4,3,0.021880,5,16,50,5
15,TSLA,0.008628918561788107,QLSTM,2.2,4,3,0.021880,5,16,50,5
15,MSFT,0.009046462914821777,QLSTM,2.2,4,3,0.021880,5,16,50,5
15,AAPL,0.012755246240306984,QLSTM,2.2,4,3,0.021880,5,16,50,5
15,ABBV,0.0052688908022405076,QLSTM,2.2,4,3,0.021880,5,16,50,5
15,PEP,0.015637540131468664,QLSTM,2.2,4,3,0.021880,5,16,50,5
15,CRM,0.0052937739264135334,QLSTM,2.2,4,3,0.021880,5,16,50,5
15,PFE,0.00666255340911448,QLSTM,2.2,4,3,0.021880,5,16,50,5
15,NFLX,0.0038351644497280095,QLSTM,2.2,4,3,0.021880,5,16,50,5
15,AMD,0.0052916078658943825,QLSTM,2.2,4,3,0.021880,5,16,50,5
15,ABT,0.006779231713153422,QLSTM,2.2,4,3,0.021880,5,16,50,5
15,PM,0.010898589812727138,QLSTM,2.2,4,3,0.021880,5,16,50,5
15,BA,0.007332014713690362,QLSTM,2.2,4,3,0.021880,5,16,50,5
15,NKE,0.004404335933610459,QLSTM,2.2,4,3,0.021880,5,16,50,5
15,GS,0.00962054621512917,QLSTM,2.2,4,3,0.021880,5,16,50,5
15,T,0.005192586914001202,QLSTM,2.2,4,3,0.021880,5,16,50,5
15,C,0.006898261162198402,QLSTM,2.2,4,3,0.021880,5,16,50,5
15,MU,0.008172950061800128,QLSTM,2.2,4,3,0.021880,5,16,50,5
16,NVDA,0.005572302415120331,QLSTM,2.2,4,3,0.021300,5,16,50,5
16,DIS,0.005414652024311098,QLSTM,2.2,4,3,0.021300,5,16,50,5
16,KO,0.011456913230094042,QLSTM,2.2,4,3,0.021300,5,16,50,5
16,MO,0.008900462395765564,QLSTM,2.2,4,3,0.021300,5,16,50,5
16,BABA,0.014375797917389056,QLSTM,2.2,4,3,0.021300,5,16,50,5
16,MA,0.014568859965286472,QLSTM,2.2,4,3,0.021300,5,16,50,5
16,V,0.0177996504035863,QLSTM,2.2,4,3,0.021300,5,16,50,5
16,JPM,0.006039380625059659,QLSTM,2.2,4,3,0.021300,5,16,50,5
16,PG,0.01005218299740756,QLSTM,2.2,4,3,0.021300,5,16,50,5
16,TSM,0.00456919515801763,QLSTM,2.2,4,3,0.021300,5,16,50,5
16,META,0.004413219179365446,QLSTM,2.2,4,3,0.021300,5,16,50,5
16,TSLA,0.01074155487797477,QLSTM,2.2,4,3,0.021300,5,16,50,5
16,MSFT,0.009828177164308727,QLSTM,2.2,4,3,0.021300,5,16,50,5
16,AAPL,0.014797955941916867,QLSTM,2.2,4,3,0.021300,5,16,50,5
16,ABBV,0.005002848613499241,QLSTM,2.2,4,3,0.021300,5,16,50,5
16,PEP,0.01571115745570172,QLSTM,2.2,4,3,0.021300,5,16,50,5
16,CRM,0.005684162913398309,QLSTM,2.2,4,3,0.021300,5,16,50,5
16,PFE,0.007320766408652576,QLSTM,2.2,4,3,0.021300,5,16,50,5
16,NFLX,0.0037655378003943374,QLSTM,2.2,4,3,0.021300,5,16,50,5
16,AMD,0.005378521767190911,QLSTM,2.2,4,3,0.021300,5,16,50,5
16,ABT,0.006628473469225521,QLSTM,2.2,4,3,0.021300,5,16,50,5
16,PM,0.010538051963191141,QLSTM,2.2,4,3,0.021300,5,16,50,5
16,BA,0.0075327296931804585,QLSTM,2.2,4,3,0.021300,5,16,50,5
16,NKE,0.0046280222278173,QLSTM,2.2,4,3,0.021300,5,16,50,5
16,GS,0.010008454174649987,QLSTM,2.2,4,3,0.021300,5,16,50,5
16,T,0.005195481678873131,QLSTM,2.2,4,3,0.021300,5,16,50,5
16,C,0.0062800250651145525,QLSTM,2.2,4,3,0.021300,5,16,50,5
16,MU,0.008182836865836924,QLSTM,2.2,4,3,0.021300,5,16,50,5
17,NVDA,0.005460429672067138,QLSTM,2.2,4,3,0.020720,5,16,50,5
17,DIS,0.0052239433280192316,QLSTM,2.2,4,3,0.020720,5,16,50,5
17,KO,0.011404062547212974,QLSTM,2.2,4,3,0.020720,5,16,50,5
17,MO,0.009737466657745907,QLSTM,2.2,4,3,0.020720,5,16,50,5
17,BABA,0.014834713360125368,QLSTM,2.2,4,3,0.020720,5,16,50,5
17,MA,0.014387605373154987,QLSTM,2.2,4,3,0.020720,5,16,50,5
17,V,0.01742692617699504,QLSTM,2.2,4,3,0.020720,5,16,50,5
17,JPM,0.006851586724885486,QLSTM,2.2,4,3,0.020720,5,16,50,5
17,PG,0.009963631323030726,QLSTM,2.2,4,3,0.020720,5,16,50,5
17,TSM,0.004955169940579005,QLSTM,2.2,4,3,0.020720,5,16,50,5
17,META,0.004394722049420869,QLSTM,2.2,4,3,0.020720,5,16,50,5
17,TSLA,0.007896565869238904,QLSTM,2.2,4,3,0.020720,5,16,50,5
17,MSFT,0.008935902934436772,QLSTM,2.2,4,3,0.020720,5,16,50,5
17,AAPL,0.013030475153672423,QLSTM,2.2,4,3,0.020720,5,16,50,5
17,ABBV,0.0051602438907139,QLSTM,2.2,4,3,0.020720,5,16,50,5
17,PEP,0.016140937360680917,QLSTM,2.2,4,3,0.020720,5,16,50,5
17,CRM,0.007253606295721097,QLSTM,2.2,4,3,0.020720,5,16,50,5
17,PFE,0.0074412787587127905,QLSTM,2.2,4,3,0.020720,5,16,50,5
17,NFLX,0.003849989671090787,QLSTM,2.2,4,3,0.020720,5,16,50,5
17,AMD,0.005344937259162014,QLSTM,2.2,4,3,0.020720,5,16,50,5
17,ABT,0.006618747276000001,QLSTM,2.2,4,3,0.020720,5,16,50,5
17,PM,0.011514421552419662,QLSTM,2.2,4,3,0.020720,5,16,50,5
17,BA,0.0076943819665096025,QLSTM,2.2,4,3,0.020720,5,16,50,5
17,NKE,0.004858485063199292,QLSTM,2.2,4,3,0.020720,5,16,50,5
17,GS,0.01020760415121913,QLSTM,2.2,4,3,0.020720,5,16,50,5
17,T,0.00516227696260268,QLSTM,2.2,4,3,0.020720,5,16,50,5
17,C,0.006415144328705289,QLSTM,2.2,4,3,0.020720,5,16,50,5
17,MU,0.008204274556853554,QLSTM,2.2,4,3,0.020720,5,16,50,5
18,NVDA,0.00538245097480037,QLSTM,2.2,4,3,0.020140,5,16,50,5
18,DIS,0.005261403021656654,QLSTM,2.2,4,3,0.020140,5,16,50,5
18,KO,0.011493113399906591,QLSTM,2.2,4,3,0.020140,5,16,50,5
18,MO,0.008157885702199896,QLSTM,2.2,4,3,0.020140,5,16,50,5
18,BABA,0.016572118048894812,QLSTM,2.2,4,3,0.020140,5,16,50,5
18,MA,0.014642991210249338,QLSTM,2.2,4,3,0.020140,5,16,50,5
18,V,0.01755049651149999,QLSTM,2.2,4,3,0.020140,5,16,50,5
18,JPM,0.005855447147041559,QLSTM,2.2,4,3,0.020140,5,16,50,5
18,PG,0.009989403696222738,QLSTM,2.2,4,3,0.020140,5,16,50,5
18,TSM,0.004266268748324364,QLSTM,2.2,4,3,0.020140,5,16,50,5
18,META,0.004128130803689022,QLSTM,2.2,4,3,0.020140,5,16,50,5
18,TSLA,0.008070092129690403,QLSTM,2.2,4,3,0.020140,5,16,50,5
18,MSFT,0.00863286273934963,QLSTM,2.2,4,3,0.020140,5,16,50,5
18,AAPL,0.012870239178565416,QLSTM,2.2,4,3,0.020140,5,16,50,5
18,ABBV,0.005215401480778713,QLSTM,2.2,4,3,0.020140,5,16,50,5
18,PEP,0.015325389633124525,QLSTM,2.2,4,3,0.020140,5,16,50,5
18,CRM,0.005647513179362498,QLSTM,2.2,4,3,0.020140,5,16,50,5
18,PFE,0.007236812041479756,QLSTM,2.2,4,3,0.020140,5,16,50,5
18,NFLX,0.0037199678957800975,QLSTM,2.2,4,3,0.020140,5,16,50,5
18,AMD,0.005043627069839699,QLSTM,2.2,4,3,0.020140,5,16,50,5
18,ABT,0.006465089967770671,QLSTM,2.2,4,3,0.020140,5,16,50,5
18,PM,0.011801232763735408,QLSTM,2.2,4,3,0.020140,5,16,50,5
18,BA,0.008287584895945409,QLSTM,2.2,4,3,0.020140,5,16,50,5
18,NKE,0.004637460404245014,QLSTM,2.2,4,3,0.020140,5,16,50,5
18,GS,0.009892714252187447,QLSTM,2.2,4,3,0.020140,5,16,50,5
18,T,0.005496416547843678,QLSTM,2.2,4,3,0.020140,5,16,50,5
18,C,0.006284240485084328,QLSTM,2.2,4,3,0.020140,5,16,50,5
18,MU,0.008148210662925108,QLSTM,2.2,4,3,0.020140,5,16,50,5
19,NVDA,0.005400695351206444,QLSTM,2.2,4,3,0.019560,5,16,50,5
19,DIS,0.005058312471109358,QLSTM,2.2,4,3,0.019560,5,16,50,5
19,KO,0.010685033979825675,QLSTM,2.2,4,3,0.019560,5,16,50,5
19,MO,0.009983840869443322,QLSTM,2.2,4,3,0.019560,5,16,50,5
19,BABA,0.014625307648781349,QLSTM,2.2,4,3,0.019560,5,16,50,5
19,MA,0.014359220396727324,QLSTM,2.2,4,3,0.019560,5,16,50,5
19,V,0.017532281133092263,QLSTM,2.2,4,3,0.019560,5,16,50,5
19,JPM,0.00634145983283154,QLSTM,2.2,4,3,0.019560,5,16,50,5
19,PG,0.009553541048345241,QLSTM,2.2,4,3,0.019560,5,16,50,5
19,TSM,0.00413868504322388,QLSTM,2.2,4,3,0.019560,5,16,50,5
19,META,0.00429585993565111,QLSTM,2.2,4,3,0.019560,5,16,50,5
19,TSLA,0.007710468870672313,QLSTM,2.2,4,3,0.019560,5,16,50,5
19,MSFT,0.008880598163655535,QLSTM,2.2,4,3,0.019560,5,16,50,5
19,AAPL,0.012724937151440165,QLSTM,2.2,4,3,0.019560,5,16,50,5
19,ABBV,0.005379761495119469,QLSTM,2.2,4,3,0.019560,5,16,50,5
19,PEP,0.01701184040443464,QLSTM,2.2,4,3,0.019560,5,16,50,5
19,CRM,0.004487195004582067,QLSTM,2.2,4,3,0.019560,5,16,50,5
19,PFE,0.007012399834242056,QLSTM,2.2,4,3,0.019560,5,16,50,5
19,NFLX,0.0038148757408965716,QLSTM,2.2,4,3,0.019560,5,16,50,5
19,AMD,0.004911517068235712,QLSTM,2.2,4,3,0.019560,5,16,50,5
19,ABT,0.006666218385693024,QLSTM,2.2,4,3,0.019560,5,16,50,5
19,PM,0.010875315363095566,QLSTM,2.2,4,3,0.019560,5,16,50,5
19,BA,0.007909358701330017,QLSTM,2.2,4,3,0.019560,5,16,50,5
19,NKE,0.004818958098026501,QLSTM,2.2,4,3,0.019560,5,16,50,5
19,GS,0.009813976728103378,QLSTM,2.2,4,3,0.019560,5,16,50,5
19,T,0.005299623457672583,QLSTM,2.2,4,3,0.019560,5,16,50,5
19,C,0.006781062788584016,QLSTM,2.2,4,3,0.019560,5,16,50,5
19,MU,0.00776292355096137,QLSTM,2.2,4,3,0.019560,5,16,50,5
20,NVDA,0.005850836729884825,QLSTM,2.2,4,3,0.018980,5,16,50,5
20,DIS,0.005458358188413761,QLSTM,2.2,4,3,0.018980,5,16,50,5
20,KO,0.011592507214200768,QLSTM,2.2,4,3,0.018980,5,16,50,5
20,MO,0.008879693563688885,QLSTM,2.2,4,3,0.018980,5,16,50,5
20,BABA,0.014293546026403254,QLSTM,2.2,4,3,0.018980,5,16,50,5
20,MA,0.01394387050955133,QLSTM,2.2,4,3,0.018980,5,16,50,5
20,V,0.01757754258472811,QLSTM,2.2,4,3,0.018980,5,16,50,5
20,JPM,0.006128292001614516,QLSTM,2.2,4,3,0.018980,5,16,50,5
20,PG,0.00966219836845994,QLSTM,2.2,4,3,0.018980,5,16,50,5
20,TSM,0.0039576000153002415,QLSTM,2.2,4,3,0.018980,5,16,50,5
20,META,0.004300635794854977,QLSTM,2.2,4,3,0.018980,5,16,50,5
20,TSLA,0.0076270483921028,QLSTM,2.2,4,3,0.018980,5,16,50,5
20,MSFT,0.008693279507993297,QLSTM,2.2,4,3,0.018980,5,16,50,5
20,AAPL,0.013206176375123587,QLSTM,2.2,4,3,0.018980,5,16,50,5
20,ABBV,0.005857480335345661,QLSTM,2.2,4,3,0.018980,5,16,50,5
20,PEP,0.01611638528464193,QLSTM,2.2,4,3,0.018980,5,16,50,5
20,CRM,0.00570912517353215,QLSTM,2.2,4,3,0.018980,5,16,50,5
20,PFE,0.0070307577473365445,QLSTM,2.2,4,3,0.018980,5,16,50,5
20,NFLX,0.003857524060136215,QLSTM,2.2,4,3,0.018980,5,16,50,5
20,AMD,0.0051771084651012315,QLSTM,2.2,4,3,0.018980,5,16,50,5
20,ABT,0.006409318704920059,QLSTM,2.2,4,3,0.018980,5,16,50,5
20,PM,0.01043325534556061,QLSTM,2.2,4,3,0.018980,5,16,50,5
20,BA,0.008030231989158148,QLSTM,2.2,4,3,0.018980,5,16,50,5
20,NKE,0.005952337587421591,QLSTM,2.2,4,3,0.018980,5,16,50,5
20,GS,0.009649122493680228,QLSTM,2.2,4,3,0.018980,5,16,50,5
20,T,0.005273289930879731,QLSTM,2.2,4,3,0.018980,5,16,50,5
20,C,0.00698518991174007,QLSTM,2.2,4,3,0.018980,5,16,50,5
20,MU,0.008337011962959712,QLSTM,2.2,4,3,0.018980,5,16,50,5
21,NVDA,0.005549007444642484,QLSTM,2.2,4,3,0.018400,5,16,50,5
21,DIS,0.0053101894234053116,QLSTM,2.2,4,3,0.018400,5,16,50,5
21,KO,0.01105289834297516,QLSTM,2.2,4,3,0.018400,5,16,50,5
21,MO,0.008563562285747717,QLSTM,2.2,4,3,0.018400,5,16,50,5
21,BABA,0.01628399951468137,QLSTM,2.2,4,3,0.018400,5,16,50,5
21,MA,0.01429434752472761,QLSTM,2.2,4,3,0.018400,5,16,50,5
21,V,0.01723877232606438,QLSTM,2.2,4,3,0.018400,5,16,50,5
21,JPM,0.006194323470646685,QLSTM,2.2,4,3,0.018400,5,16,50,5
21,PG,0.009919883535158906,QLSTM,2.2,4,3,0.018400,5,16,50,5
21,TSM,0.00423831031234427,QLSTM,2.2,4,3,0.018400,5,16,50,5
21,META,0.004236322393725542,QLSTM,2.2,4,3,0.018400,5,16,50,5
21,TSLA,0.008089037601497363,QLSTM,2.2,4,3,0.018400,5,16,50,5
21,MSFT,0.008495990313928236,QLSTM,2.2,4,3,0.018400,5,16,50,5
21,AAPL,0.012673228767446497,QLSTM,2.2,4,3,0.018400,5,16,50,5
21,ABBV,0.005298777927898548,QLSTM,2.2,4,3,0.018400,5,16,50,5
21,PEP,0.015198204200714827,QLSTM,2.2,4,3,0.018400,5,16,50,5
21,CRM,0.005038774148984389,QLSTM,2.2,4,3,0.018400,5,16,50,5
21,PFE,0.0069220323030921545,QLSTM,2.2,4,3,0.018400,5,16,50,5
21,NFLX,0.003405727250289849,QLSTM,2.2,4,3,0.018400,5,16,50,5
21,AMD,0.004942285838875581,QLSTM,2.2,4,3,0.018400,5,16,50,5
21,ABT,0.006500448661179028,QLSTM,2.2,4,3,0.018400,5,16,50,5
21,PM,0.011297513296912339,QLSTM,2.2,4,3,0.018400,5,16,50,5
21,BA,0.008142636517401446,QLSTM,2.2,4,3,0.018400,5,16,50,5
21,NKE,0.004431883444670926,QLSTM,2.2,4,3,0.018400,5,16,50,5
21,GS,0.009919719124974852,QLSTM,2.2,4,3,0.018400,5,16,50,5
21,T,0.005251975274983455,QLSTM,2.2,4,3,0.018400,5,16,50,5
21,C,0.006109772186557,QLSTM,2.2,4,3,0.018400,5,16,50,5
21,MU,0.007758487873202698,QLSTM,2.2,4,3,0.018400,5,16,50,5
22,NVDA,0.00523122307442298,QLSTM,2.2,4,3,0.017820,5,16,50,5
22,DIS,0.005230637023818086,QLSTM,2.2,4,3,0.017820,5,16,50,5
22,KO,0.011079056971621785,QLSTM,2.2,4,3,0.017820,5,16,50,5
22,MO,0.008754161662760784,QLSTM,2.2,4,3,0.017820,5,16,50,5
22,BABA,0.01488350148693743,QLSTM,2.2,4,3,0.017820,5,16,50,5
22,MA,0.013621965677223423,QLSTM,2.2,4,3,0.017820,5,16,50,5
22,V,0.016978973946110767,QLSTM,2.2,4,3,0.017820,5,16,50,5
22,JPM,0.006225382210686803,QLSTM,2.2,4,3,0.017820,5,16,50,5
22,PG,0.009745804889296944,QLSTM,2.2,4,3,0.017820,5,16,50,5
22,TSM,0.004925129458900879,QLSTM,2.2,4,3,0.017820,5,16,50,5
22,META,0.004249493411572819,QLSTM,2.2,4,3,0.017820,5,16,50,5
22,TSLA,0.00783218902705068,QLSTM,2.2,4,3,0.017820,5,16,50,5
22,MSFT,0.008754303837618367,QLSTM,2.2,4,3,0.017820,5,16,50,5
22,AAPL,0.013225141701034525,QLSTM,2.2,4,3,0.017820,5,16,50,5
22,ABBV,0.005071677352217111,QLSTM,2.2,4,3,0.017820,5,16,50,5
22,PEP,0.015129068062048067,QLSTM,2.2,4,3,0.017820,5,16,50,5
22,CRM,0.0055045567357658665,QLSTM,2.2,4,3,0.017820,5,16,50,5
22,PFE,0.006944178974001922,QLSTM,2.2,4,3,0.017820,5,16,50,5
22,NFLX,0.003982507189820436,QLSTM,2.2,4,3,0.017820,5,16,50,5
22,AMD,0.005476621810389174,QLSTM,2.2,4,3,0.017820,5,16,50,5
22,ABT,0.00696518088013611,QLSTM,2.2,4,3,0.017820,5,16,50,5
22,PM,0.01052382385188883,QLSTM,2.2,4,3,0.017820,5,16,50,5
22,BA,0.007071568133224818,QLSTM,2.2,4,3,0.017820,5,16,50,5
22,NKE,0.00443046206121587,QLSTM,2.2,4,3,0.017820,5,16,50,5
22,GS,0.0094907604877583,QLSTM,2.2,4,3,0.017820,5,16,50,5
22,T,0.005372238705273379,QLSTM,2.2,4,3,0.017820,5,16,50,5
22,C,0.006693799821236594,QLSTM,2.2,4,3,0.017820,5,16,50,5
22,MU,0.0080049540000883,QLSTM,2.2,4,3,0.017820,5,16,50,5
23,NVDA,0.005661090190353041,QLSTM,2.2,4,3,0.017240,5,16,50,5
23,DIS,0.004954438370821828,QLSTM,2.2,4,3,0.017240,5,16,50,5
23,KO,0.01058304303495044,QLSTM,2.2,4,3,0.017240,5,16,50,5
23,MO,0.008853084619411013,QLSTM,2.2,4,3,0.017240,5,16,50,5
23,BABA,0.015954860507256606,QLSTM,2.2,4,3,0.017240,5,16,50,5
23,MA,0.013961336279118603,QLSTM,2.2,4,3,0.017240,5,16,50,5
23,V,0.016542941331863403,QLSTM,2.2,4,3,0.017240,5,16,50,5
23,JPM,0.006140063188716092,QLSTM,2.2,4,3,0.017240,5,16,50,5
23,PG,0.009751830154775896,QLSTM,2.2,4,3,0.017240,5,16,50,5
23,TSM,0.004394788665442981,QLSTM,2.2,4,3,0.017240,5,16,50,5
23,META,0.004252830747811293,QLSTM,2.2,4,3,0.017240,5,16,50,5
23,TSLA,0.008023478180720385,QLSTM,2.2,4,3,0.017240,5,16,50,5
23,MSFT,0.00873878905126317,QLSTM,2.2,4,3,0.017240,5,16,50,5
23,AAPL,0.012850794369693507,QLSTM,2.2,4,3,0.017240,5,16,50,5
23,ABBV,0.0054523700488392605,QLSTM,2.2,4,3,0.017240,5,16,50,5
23,PEP,0.017304103715683927,QLSTM,2.2,4,3,0.017240,5,16,50,5
23,CRM,0.0049076233249665665,QLSTM,2.2,4,3,0.017240,5,16,50,5
23,PFE,0.007249701101417569,QLSTM,2.2,4,3,0.017240,5,16,50,5
23,NFLX,0.003750006477771835,QLSTM,2.2,4,3,0.017240,5,16,50,5
23,AMD,0.005156358989717608,QLSTM,2.2,4,3,0.017240,5,16,50,5
23,ABT,0.006566783402707766,QLSTM,2.2,4,3,0.017240,5,16,50,5
23,PM,0.010828819623301652,QLSTM,2.2,4,3,0.017240,5,16,50,5
23,BA,0.007381310718218711,QLSTM,2.2,4,3,0.017240,5,16,50,5
23,NKE,0.004605403720316562,QLSTM,2.2,4,3,0.017240,5,16,50,5
23,GS,0.009753442538732832,QLSTM,2.2,4,3,0.017240,5,16,50,5
23,T,0.0050318153807893395,QLSTM,2.2,4,3,0.017240,5,16,50,5
23,C,0.006359233690256422,QLSTM,2.2,4,3,0.017240,5,16,50,5
23,MU,0.008043687155639584,QLSTM,2.2,4,3,0.017240,5,16,50,5
24,NVDA,0.0052940227641639385,QLSTM,2.2,4,3,0.016660,5,16,50,5
24,DIS,0.005184158989736302,QLSTM,2.2,4,3,0.016660,5,16,50,5
24,KO,0.011007771372202445,QLSTM,2.2,4,3,0.016660,5,16,50,5
24,MO,0.008766861447260122,QLSTM,2.2,4,3,0.016660,5,16,50,5
24,BABA,0.014108154414729639,QLSTM,2.2,4,3,0.016660,5,16,50,5
24,MA,0.014375124042007055,QLSTM,2.2,4,3,0.016660,5,16,50,5
24,V,0.017011710865931076,QLSTM,2.2,4,3,0.016660,5,16,50,5
24,JPM,0.005635914435102181,QLSTM,2.2,4,3,0.016660,5,16,50,5
24,PG,0.01019665886732665,QLSTM,2.2,4,3,0.016660,5,16,50,5
24,TSM,0.004208466493185948,QLSTM,2.2,4,3,0.016660,5,16,50,5
24,META,0.004196359230925075,QLSTM,2.2,4,3,0.016660,5,16,50,5
24,TSLA,0.00763712595322762,QLSTM,2.2,4,3,0.016660,5,16,50,5
24,MSFT,0.009342694464562968,QLSTM,2.2,4,3,0.016660,5,16,50,5
24,AAPL,0.012766548178412697,QLSTM,2.2,4,3,0.016660,5,16,50,5
24,ABBV,0.005259937881915407,QLSTM,2.2,4,3,0.016660,5,16,50,5
24,PEP,0.01556436173533174,QLSTM,2.2,4,3,0.016660,5,16,50,5
24,CRM,0.005564307455312122,QLSTM,2.2,4,3,0.016660,5,16,50,5
24,PFE,0.007163617124950344,QLSTM,2.2,4,3,0.016660,5,16,50,5
24,NFLX,0.0035146682322109964,QLSTM,2.2,4,3,0.016660,5,16,50,5
24,AMD,0.005083153214813633,QLSTM,2.2,4,3,0.016660,5,16,50,5
24,ABT,0.006733527586964721,QLSTM,2.2,4,3,0.016660,5,16,50,5
24,PM,0.011013571231160313,QLSTM,2.2,4,3,0.016660,5,16,50,5
24,BA,0.007230466401035135,QLSTM,2.2,4,3,0.016660,5,16,50,5
24,NKE,0.004409665538167412,QLSTM,2.2,4,3,0.016660,5,16,50,5
24,GS,0.009539742086252028,QLSTM,2.2,4,3,0.016660,5,16,50,5
24,T,0.005049643797313117,QLSTM,2.2,4,3,0.016660,5,16,50,5
24,C,0.0061116715977815065,QLSTM,2.2,4,3,0.016660,5,16,50,5
24,MU,0.007779578889974139,QLSTM,2.2,4,3,0.016660,5,16,50,5
25,NVDA,0.005357458023354411,QLSTM,2.2,4,3,0.016080,5,16,50,5
25,DIS,0.005606601141731848,QLSTM,2.2,4,3,0.016080,5,16,50,5
25,KO,0.011563658195717091,QLSTM,2.2,4,3,0.016080,5,16,50,5
25,MO,0.008747717407955364,QLSTM,2.2,4,3,0.016080,5,16,50,5
25,BABA,0.01520525513809513,QLSTM,2.2,4,3,0.016080,5,16,50,5
25,MA,0.013937932417982003,QLSTM,2.2,4,3,0.016080,5,16,50,5
25,V,0.017582059012387286,QLSTM,2.2,4,3,0.016080,5,16,50,5
25,JPM,0.00642882992873307,QLSTM,2.2,4,3,0.016080,5,16,50,5
25,PG,0.009895795913921162,QLSTM,2.2,4,3,0.016080,5,16,50,5
25,TSM,0.004045827531213449,QLSTM,2.2,4,3,0.016080,5,16,50,5
25,META,0.004146076553628187,QLSTM,2.2,4,3,0.016080,5,16,50,5
25,TSLA,0.007658348302356899,QLSTM,2.2,4,3,0.016080,5,16,50,5
25,MSFT,0.00879785625941374,QLSTM,2.2,4,3,0.016080,5,16,50,5
25,AAPL,0.012964830628003587,QLSTM,2.2,4,3,0.016080,5,16,50,5
25,ABBV,0.005612225959670137,QLSTM,2.2,4,3,0.016080,5,16,50,5
25,PEP,0.015825235411863436,QLSTM,2.2,4,3,0.016080,5,16,50,5
25,CRM,0.005526749607683582,QLSTM,2.2,4,3,0.016080,5,16,50,5
25,PFE,0.006698487897996198,QLSTM,2.2,4,3,0.016080,5,16,50,5
25,NFLX,0.0035353403919461098,QLSTM,2.2,4,3,0.016080,5,16,50,5
25,AMD,0.004965242771008475,QLSTM,2.2,4,3,0.016080,5,16,50,5
25,ABT,0.006789255474524742,QLSTM,2.2,4,3,0.016080,5,16,50,5
25,PM,0.010553552906706253,QLSTM,2.2,4,3,0.016080,5,16,50,5
25,BA,0.007316277902150018,QLSTM,2.2,4,3,0.016080,5,16,50,5
25,NKE,0.004383251647761261,QLSTM,2.2,4,3,0.016080,5,16,50,5
25,GS,0.009858339495787566,QLSTM,2.2,4,3,0.016080,5,16,50,5
25,T,0.005524064689366655,QLSTM,2.2,4,3,0.016080,5,16,50,5
25,C,0.005999942294279622,QLSTM,2.2,4,3,0.016080,5,16,50,5
25,MU,0.007949048388664696,QLSTM,2.2,4,3,0.016080,5,16,50,5
26,NVDA,0.0053362812508236275,QLSTM,2.2,4,3,0.015500,5,16,50,5
26,DIS,0.005206715749492022,QLSTM,2.2,4,3,0.015500,5,16,50,5
26,KO,0.010590562438168987,QLSTM,2.2,4,3,0.015500,5,16,50,5
26,MO,0.00918868846598674,QLSTM,2.2,4,3,0.015500,5,16,50,5
26,BABA,0.016514527389187027,QLSTM,2.2,4,3,0.015500,5,16,50,5
26,MA,0.013816176130521026,QLSTM,2.2,4,3,0.015500,5,16,50,5
26,V,0.016667044382881035,QLSTM,2.2,4,3,0.015500,5,16,50,5
26,JPM,0.006352017675949769,QLSTM,2.2,4,3,0.015500,5,16,50,5
26,PG,0.009786519655873153,QLSTM,2.2,4,3,0.015500,5,16,50,5
26,TSM,0.004144070902839303,QLSTM,2.2,4,3,0.015500,5,16,50,5
26,META,0.004012699905698272,QLSTM,2.2,4,3,0.015500,5,16,50,5
26,TSLA,0.008150252132591877,QLSTM,2.2,4,3,0.015500,5,16,50,5
26,MSFT,0.008700183508071032,QLSTM,2.2,4,3,0.015500,5,16,50,5
26,AAPL,0.01304049002514644,QLSTM,2.2,4,3,0.015500,5,16,50,5
26,ABBV,0.0052148002115162935,QLSTM,2.2,4,3,0.015500,5,16,50,5
26,PEP,0.01568676237101582,QLSTM,2.2,4,3,0.015500,5,16,50,5
26,CRM,0.0048187739342789755,QLSTM,2.2,4,3,0.015500,5,16,50,5
26,PFE,0.006806471332145686,QLSTM,2.2,4,3,0.015500,5,16,50,5
26,NFLX,0.003408188608856025,QLSTM,2.2,4,3,0.015500,5,16,50,5
26,AMD,0.005162409580820663,QLSTM,2.2,4,3,0.015500,5,16,50,5
26,ABT,0.00699211758646098,QLSTM,2.2,4,3,0.015500,5,16,50,5
26,PM,0.010584865347482264,QLSTM,2.2,4,3,0.015500,5,16,50,5
26,BA,0.007494920208542185,QLSTM,2.2,4,3,0.015500,5,16,50,5
26,NKE,0.004195307651323013,QLSTM,2.2,4,3,0.015500,5,16,50,5
26,GS,0.009846441871063276,QLSTM,2.2,4,3,0.015500,5,16,50,5
26,T,0.005319971644150262,QLSTM,2.2,4,3,0.015500,5,16,50,5
26,C,0.007160028273409063,QLSTM,2.2,4,3,0.015500,5,16,50,5
26,MU,0.007987113595432178,QLSTM,2.2,4,3,0.015500,5,16,50,5
27,NVDA,0.005236321044239131,QLSTM,2.2,4,3,0.014920,5,16,50,5
27,DIS,0.00518201747697524,QLSTM,2.2,4,3,0.014920,5,16,50,5
27,KO,0.010673325609373436,QLSTM,2.2,4,3,0.014920,5,16,50,5
27,MO,0.008735343840354208,QLSTM,2.2,4,3,0.014920,5,16,50,5
27,BABA,0.015434541379694234,QLSTM,2.2,4,3,0.014920,5,16,50,5
27,MA,0.01423251704016531,QLSTM,2.2,4,3,0.014920,5,16,50,5
27,V,0.016990122258324514,QLSTM,2.2,4,3,0.014920,5,16,50,5
27,JPM,0.005845591066066514,QLSTM,2.2,4,3,0.014920,5,16,50,5
27,PG,0.009883167158642953,QLSTM,2.2,4,3,0.014920,5,16,50,5
27,TSM,0.004556837788021023,QLSTM,2.2,4,3,0.014920,5,16,50,5
27,META,0.004383763658221473,QLSTM,2.2,4,3,0.014920,5,16,50,5
27,TSLA,0.007806529629636894,QLSTM,2.2,4,3,0.014920,5,16,50,5
27,MSFT,0.008580930541608144,QLSTM,2.2,4,3,0.014920,5,16,50,5
27,AAPL,0.013315624049441381,QLSTM,2.2,4,3,0.014920,5,16,50,5
27,ABBV,0.005022509219336577,QLSTM,2.2,4,3,0.014920,5,16,50,5
27,PEP,0.015462946612387896,QLSTM,2.2,4,3,0.014920,5,16,50,5
27,CRM,0.004745709233578633,QLSTM,2.2,4,3,0.014920,5,16,50,5
27,PFE,0.006690920711579648,QLSTM,2.2,4,3,0.014920,5,16,50,5
27,NFLX,0.0036607624021020124,QLSTM,2.2,4,3,0.014920,5,16,50,5
27,AMD,0.005183921481313353,QLSTM,2.2,4,3,0.014920,5,16,50,5
27,ABT,0.006512030662799423,QLSTM,2.2,4,3,0.014920,5,16,50,5
27,PM,0.011029503668065776,QLSTM,2.2,4,3,0.014920,5,16,50,5
27,BA,0.007538134158080952,QLSTM,2.2,4,3,0.014920,5,16,50,5
27,NKE,0.004387628541074016,QLSTM,2.2,4,3,0.014920,5,16,50,5
27,GS,0.009865342046726833,QLSTM,2.2,4,3,0.014920,5,16,50,5
27,T,0.005196735268162394,QLSTM,2.2,4,3,0.014920,5,16,50,5
27,C,0.006348252656276931,QLSTM,2.2,4,3,0.014920,5,16,50,5
27,MU,0.008137981756590307,QLSTM,2.2,4,3,0.014920,5,16,50,5
28,NVDA,0.00543158526786349,QLSTM,2.2,4,3,0.014340,5,16,50,5
28,DIS,0.005103925486433913,QLSTM,2.2,4,3,0.014340,5,16,50,5
28,KO,0.010791357384401967,QLSTM,2.2,4,3,0.014340,5,16,50,5
28,MO,0.008714971397156742,QLSTM,2.2,4,3,0.014340,5,16,50,5
28,BABA,0.01658551380122927,QLSTM,2.2,4,3,0.014340,5,16,50,5
28,MA,0.013299003518609838,QLSTM,2.2,4,3,0.014340,5,16,50,5
28,V,0.017739507708359848,QLSTM,2.2,4,3,0.014340,5,16,50,5
28,JPM,0.005763698972507634,QLSTM,2.2,4,3,0.014340,5,16,50,5
28,PG,0.00970790072725239,QLSTM,2.2,4,3,0.014340,5,16,50,5
28,TSM,0.004411875259723853,QLSTM,2.2,4,3,0.014340,5,16,50,5
28,META,0.004380720572292127,QLSTM,2.2,4,3,0.014340,5,16,50,5
28,TSLA,0.00758303465871987,QLSTM,2.2,4,3,0.014340,5,16,50,5
28,MSFT,0.009222040471451526,QLSTM,2.2,4,3,0.014340,5,16,50,5
28,AAPL,0.013309248003431341,QLSTM,2.2,4,3,0.014340,5,16,50,5
28,ABBV,0.005218226494352249,QLSTM,2.2,4,3,0.014340,5,16,50,5
28,PEP,0.014974578537724235,QLSTM,2.2,4,3,0.014340,5,16,50,5
28,CRM,0.004831790580117906,QLSTM,2.2,4,3,0.014340,5,16,50,5
28,PFE,0.006772828743454407,QLSTM,2.2,4,3,0.014340,5,16,50,5
28,NFLX,0.003255839970237999,QLSTM,2.2,4,3,0.014340,5,16,50,5
28,AMD,0.00510532537009567,QLSTM,2.2,4,3,0.014340,5,16,50,5
28,ABT,0.006562869223258035,QLSTM,2.2,4,3,0.014340,5,16,50,5
28,PM,0.011004586619409647,QLSTM,2.2,4,3,0.014340,5,16,50,5
28,BA,0.007077270896512677,QLSTM,2.2,4,3,0.014340,5,16,50,5
28,NKE,0.004439280802299353,QLSTM,2.2,4,3,0.014340,5,16,50,5
28,GS,0.009793171807276931,QLSTM,2.2,4,3,0.014340,5,16,50,5
28,T,0.0051811455632559955,QLSTM,2.2,4,3,0.014340,5,16,50,5
28,C,0.0062171782959591256,QLSTM,2.2,4,3,0.014340,5,16,50,5
28,MU,0.00755849103866653,QLSTM,2.2,4,3,0.014340,5,16,50,5
29,NVDA,0.005494015915742652,QLSTM,2.2,4,3,0.013760,5,16,50,5
29,DIS,0.005075751073573801,QLSTM,2.2,4,3,0.013760,5,16,50,5
29,KO,0.010809326565570453,QLSTM,2.2,4,3,0.013760,5,16,50,5
29,MO,0.008235723584551703,QLSTM,2.2,4,3,0.013760,5,16,50,5
29,BABA,0.01389700104482472,QLSTM,2.2,4,3,0.013760,5,16,50,5
29,MA,0.01410558819770813,QLSTM,2.2,4,3,0.013760,5,16,50,5
29,V,0.016941032181917268,QLSTM,2.2,4,3,0.013760,5,16,50,5
29,JPM,0.0060258666053414345,QLSTM,2.2,4,3,0.013760,5,16,50,5
29,PG,0.010009408864954656,QLSTM,2.2,4,3,0.013760,5,16,50,5
29,TSM,0.004347998087971725,QLSTM,2.2,4,3,0.013760,5,16,50,5
29,META,0.004158537760800259,QLSTM,2.2,4,3,0.013760,5,16,50,5
29,TSLA,0.007544816704466939,QLSTM,2.2,4,3,0.013760,5,16,50,5
29,MSFT,0.008380192374302582,QLSTM,2.2,4,3,0.013760,5,16,50,5
29,AAPL,0.01261531906625764,QLSTM,2.2,4,3,0.013760,5,16,50,5
29,ABBV,0.004919483416332779,QLSTM,2.2,4,3,0.013760,5,16,50,5
29,PEP,0.015400250865654512,QLSTM,2.2,4,3,0.013760,5,16,50,5
29,CRM,0.005356498210775581,QLSTM,2.2,4,3,0.013760,5,16,50,5
29,PFE,0.006688265849582173,QLSTM,2.2,4,3,0.013760,5,16,50,5
29,NFLX,0.003403608480849388,QLSTM,2.2,4,3,0.013760,5,16,50,5
29,AMD,0.004901693774048577,QLSTM,2.2,4,3,0.013760,5,16,50,5
29,ABT,0.006605998729355633,QLSTM,2.2,4,3,0.013760,5,16,50,5
29,PM,0.010565433566543188,QLSTM,2.2,4,3,0.013760,5,16,50,5
29,BA,0.007108795393089002,QLSTM,2.2,4,3,0.013760,5,16,50,5
29,NKE,0.004491230462339114,QLSTM,2.2,4,3,0.013760,5,16,50,5
29,GS,0.009824725545265457,QLSTM,2.2,4,3,0.013760,5,16,50,5
29,T,0.005246252885130657,QLSTM,2.2,4,3,0.013760,5,16,50,5
29,C,0.006343911010348661,QLSTM,2.2,4,3,0.013760,5,16,50,5
29,MU,0.007734704170037399,QLSTM,2.2,4,3,0.013760,5,16,50,5
30,NVDA,0.005359166016040201,QLSTM,2.2,4,3,0.013180,5,16,50,5
30,DIS,0.004887630697339773,QLSTM,2.2,4,3,0.013180,5,16,50,5
30,KO,0.01076034609948031,QLSTM,2.2,4,3,0.013180,5,16,50,5
30,MO,0.009046580917625264,QLSTM,2.2,4,3,0.013180,5,16,50,5
30,BABA,0.015447028129446235,QLSTM,2.2,4,3,0.013180,5,16,50,5
30,MA,0.013386005916717377,QLSTM,2.2,4,3,0.013180,5,16,50,5
30,V,0.016781916714866053,QLSTM,2.2,4,3,0.013180,5,16,50,5
30,JPM,0.00628862458027222,QLSTM,2.2,4,3,0.013180,5,16,50,5
30,PG,0.009899052770131013,QLSTM,2.2,4,3,0.013180,5,16,50,5
30,TSM,0.004048454437658868,QLSTM,2.2,4,3,0.013180,5,16,50,5
30,META,0.004134775149974634,QLSTM,2.2,4,3,0.013180,5,16,50,5
30,TSLA,0.007317854197357188,QLSTM,2.2,4,3,0.013180,5,16,50,5
30,MSFT,0.008905440187928352,QLSTM,2.2,4,3,0.013180,5,16,50,5
30,AAPL,0.012627075701443986,QLSTM,2.2,4,3,0.013180,5,16,50,5
30,ABBV,0.005314750342883847,QLSTM,2.2,4,3,0.013180,5,16,50,5
30,PEP,0.015805695311759006,QLSTM,2.2,4,3,0.013180,5,16,50,5
30,CRM,0.0050126407189633355,QLSTM,2.2,4,3,0.013180,5,16,50,5
30,PFE,0.006751628645526414,QLSTM,2.2,4,3,0.013180,5,16,50,5
30,NFLX,0.003463134936861355,QLSTM,2.2,4,3,0.013180,5,16,50,5
30,AMD,0.005012608334337446,QLSTM,2.2,4,3,0.013180,5,16,50,5
30,ABT,0.006655584629201753,QLSTM,2.2,4,3,0.013180,5,16,50,5
30,PM,0.010891497219828043,QLSTM,2.2,4,3,0.013180,5,16,50,5
30,BA,0.0074177304684946484,QLSTM,2.2,4,3,0.013180,5,16,50,5
30,NKE,0.004391915990378369,QLSTM,2.2,4,3,0.013180,5,16,50,5
30,GS,0.009598771639337594,QLSTM,2.2,4,3,0.013180,5,16,50,5
30,T,0.005144354064462029,QLSTM,2.2,4,3,0.013180,5,16,50,5
30,C,0.00668209719746797,QLSTM,2.2,4,3,0.013180,5,16,50,5
30,MU,0.007770193560810929,QLSTM,2.2,4,3,0.013180,5,16,50,5
31,NVDA,0.005451077034442939,QLSTM,2.2,4,3,0.012600,5,16,50,5
31,DIS,0.005130207187242128,QLSTM,2.2,4,3,0.012600,5,16,50,5
31,KO,0.010718697047030384,QLSTM,2.2,4,3,0.012600,5,16,50,5
31,MO,0.008365394706329838,QLSTM,2.2,4,3,0.012600,5,16,50,5
31,BABA,0.01505939038047059,QLSTM,2.2,4,3,0.012600,5,16,50,5
31,MA,0.013158374339003454,QLSTM,2.2,4,3,0.012600,5,16,50,5
31,V,0.016829636963930996,QLSTM,2.2,4,3,0.012600,5,16,50,5
31,JPM,0.005642267716625197,QLSTM,2.2,4,3,0.012600,5,16,50,5
31,PG,0.009879469882104207,QLSTM,2.2,4,3,0.012600,5,16,50,5
31,TSM,0.0042261436041867865,QLSTM,2.2,4,3,0.012600,5,16,50,5
31,META,0.00449578358463689,QLSTM,2.2,4,3,0.012600,5,16,50,5
31,TSLA,0.007858874085782603,QLSTM,2.2,4,3,0.012600,5,16,50,5
31,MSFT,0.008751206406900152,QLSTM,2.2,4,3,0.012600,5,16,50,5
31,AAPL,0.012959317452358928,QLSTM,2.2,4,3,0.012600,5,16,50,5
31,ABBV,0.005239610449114645,QLSTM,2.2,4,3,0.012600,5,16,50,5
31,PEP,0.01540832162242044,QLSTM,2.2,4,3,0.012600,5,16,50,5
31,CRM,0.004796260989017107,QLSTM,2.2,4,3,0.012600,5,16,50,5
31,PFE,0.006882126570086588,QLSTM,2.2,4,3,0.012600,5,16,50,5
31,NFLX,0.003501052888829938,QLSTM,2.2,4,3,0.012600,5,16,50,5
31,AMD,0.004852152461270717,QLSTM,2.2,4,3,0.012600,5,16,50,5
31,ABT,0.006535162048583681,QLSTM,2.2,4,3,0.012600,5,16,50,5
31,PM,0.010903421662409197,QLSTM,2.2,4,3,0.012600,5,16,50,5
31,BA,0.007238372218456458,QLSTM,2.2,4,3,0.012600,5,16,50,5
31,NKE,0.0042591307693245735,QLSTM,2.2,4,3,0.012600,5,16,50,5
31,GS,0.00957445064771243,QLSTM,2.2,4,3,0.012600,5,16,50,5
31,T,0.0050428016058338635,QLSTM,2.2,4,3,0.012600,5,16,50,5
31,C,0.006127722582525827,QLSTM,2.2,4,3,0.012600,5,16,50,5
31,MU,0.00771753270369531,QLSTM,2.2,4,3,0.012600,5,16,50,5
32,NVDA,0.0056083387779918585,QLSTM,2.2,4,3,0.012020,5,16,50,5
32,DIS,0.004914424297484485,QLSTM,2.2,4,3,0.012020,5,16,50,5
32,KO,0.010835088344968179,QLSTM,2.2,4,3,0.012020,5,16,50,5
32,MO,0.009026210342364555,QLSTM,2.2,4,3,0.012020,5,16,50,5
32,BABA,0.016193123936483807,QLSTM,2.2,4,3,0.012020,5,16,50,5
32,MA,0.013459445125508037,QLSTM,2.2,4,3,0.012020,5,16,50,5
32,V,0.017272439383139663,QLSTM,2.2,4,3,0.012020,5,16,50,5
32,JPM,0.0056456820721822705,QLSTM,2.2,4,3,0.012020,5,16,50,5
32,PG,0.009588768091899428,QLSTM,2.2,4,3,0.012020,5,16,50,5
32,TSM,0.003933249956885861,QLSTM,2.2,4,3,0.012020,5,16,50,5
32,META,0.004204001304143193,QLSTM,2.2,4,3,0.012020,5,16,50,5
32,TSLA,0.007346764365634458,QLSTM,2.2,4,3,0.012020,5,16,50,5
32,MSFT,0.008443694794550538,QLSTM,2.2,4,3,0.012020,5,16,50,5
32,AAPL,0.01264450771056793,QLSTM,2.2,4,3,0.012020,5,16,50,5
32,ABBV,0.005318275927989321,QLSTM,2.2,4,3,0.012020,5,16,50,5
32,PEP,0.015683479035611857,QLSTM,2.2,4,3,0.012020,5,16,50,5
32,CRM,0.004866473281502046,QLSTM,2.2,4,3,0.012020,5,16,50,5
32,PFE,0.006868730891834606,QLSTM,2.2,4,3,0.012020,5,16,50,5
32,NFLX,0.003358664811292494,QLSTM,2.2,4,3,0.012020,5,16,50,5
32,AMD,0.004953117459081113,QLSTM,2.2,4,3,0.012020,5,16,50,5
32,ABT,0.006500939044847407,QLSTM,2.2,4,3,0.012020,5,16,50,5
32,PM,0.010682800234380093,QLSTM,2.2,4,3,0.012020,5,16,50,5
32,BA,0.007274407067928802,QLSTM,2.2,4,3,0.012020,5,16,50,5
32,NKE,0.004299647365273399,QLSTM,2.2,4,3,0.012020,5,16,50,5
32,GS,0.009587309228002348,QLSTM,2.2,4,3,0.012020,5,16,50,5
32,T,0.004976824846711348,QLSTM,2.2,4,3,0.012020,5,16,50,5
32,C,0.0063894032818180594,QLSTM,2.2,4,3,0.012020,5,16,50,5
32,MU,0.0078907900553366,QLSTM,2.2,4,3,0.012020,5,16,50,5
33,NVDA,0.005291793125004254,QLSTM,2.2,4,3,0.011440,5,16,50,5
33,DIS,0.005323721910826862,QLSTM,2.2,4,3,0.011440,5,16,50,5
33,KO,0.010866593167355115,QLSTM,2.2,4,3,0.011440,5,16,50,5
33,MO,0.00859119010750543,QLSTM,2.2,4,3,0.011440,5,16,50,5
33,BABA,0.014809713190929457,QLSTM,2.2,4,3,0.011440,5,16,50,5
33,MA,0.01401022671383213,QLSTM,2.2,4,3,0.011440,5,16,50,5
33,V,0.016795085933567447,QLSTM,2.2,4,3,0.011440,5,16,50,5
33,JPM,0.005735170000910081,QLSTM,2.2,4,3,0.011440,5,16,50,5
33,PG,0.009686745057644492,QLSTM,2.2,4,3,0.011440,5,16,50,5
33,TSM,0.004005997679831291,QLSTM,2.2,4,3,0.011440,5,16,50,5
33,META,0.004067930731583725,QLSTM,2.2,4,3,0.011440,5,16,50,5
33,TSLA,0.007585698770443824,QLSTM,2.2,4,3,0.011440,5,16,50,5
33,MSFT,0.00967255051628771,QLSTM,2.2,4,3,0.011440,5,16,50,5
33,AAPL,0.013090524060482328,QLSTM,2.2,4,3,0.011440,5,16,50,5
33,ABBV,0.005083364635621282,QLSTM,2.2,4,3,0.011440,5,16,50,5
33,PEP,0.015653611266646873,QLSTM,2.2,4,3,0.011440,5,16,50,5
33,CRM,0.004677081570579586,QLSTM,2.2,4,3,0.011440,5,16,50,5
33,PFE,0.006847774853337218,QLSTM,2.2,4,3,0.011440,5,16,50,5
33,NFLX,0.00328205850250511,QLSTM,2.2,4,3,0.011440,5,16,50,5
33,AMD,0.004946115564300932,QLSTM,2.2,4,3,0.011440,5,16,50,5
33,ABT,0.006746114443310283,QLSTM,2.2,4,3,0.011440,5,16,50,5
33,PM,0.010533157630230893,QLSTM,2.2,4,3,0.011440,5,16,50,5
33,BA,0.006981920842504637,QLSTM,2.2,4,3,0.011440,5,16,50,5
33,NKE,0.004300199893557213,QLSTM,2.2,4,3,0.011440,5,16,50,5
33,GS,0.0099138800075955,QLSTM,2.2,4,3,0.011440,5,16,50,5
33,T,0.005383869082751599,QLSTM,2.2,4,3,0.011440,5,16,50,5
33,C,0.006243174705146389,QLSTM,2.2,4,3,0.011440,5,16,50,5
33,MU,0.007533891682132063,QLSTM,2.2,4,3,0.011440,5,16,50,5
34,NVDA,0.005458179607310079,QLSTM,2.2,4,3,0.010860,5,16,50,5
34,DIS,0.004987523732283576,QLSTM,2.2,4,3,0.010860,5,16,50,5
34,KO,0.010524720122868364,QLSTM,2.2,4,3,0.010860,5,16,50,5
34,MO,0.008364555415358733,QLSTM,2.2,4,3,0.010860,5,16,50,5
34,BABA,0.014232264662330801,QLSTM,2.2,4,3,0.010860,5,16,50,5
34,MA,0.013289120386947285,QLSTM,2.2,4,3,0.010860,5,16,50,5
34,V,0.01661410917189311,QLSTM,2.2,4,3,0.010860,5,16,50,5
34,JPM,0.0054909975574859845,QLSTM,2.2,4,3,0.010860,5,16,50,5
34,PG,0.009473458747379482,QLSTM,2.2,4,3,0.010860,5,16,50,5
34,TSM,0.0039201990690674975,QLSTM,2.2,4,3,0.010860,5,16,50,5
34,META,0.004182363931745799,QLSTM,2.2,4,3,0.010860,5,16,50,5
34,TSLA,0.007512486317533661,QLSTM,2.2,4,3,0.010860,5,16,50,5
34,MSFT,0.008324787729758431,QLSTM,2.2,4,3,0.010860,5,16,50,5
34,AAPL,0.012874321673404087,QLSTM,2.2,4,3,0.010860,5,16,50,5
34,ABBV,0.005284862624565986,QLSTM,2.2,4,3,0.010860,5,16,50,5
34,PEP,0.01563413532196798,QLSTM,2.2,4,3,0.010860,5,16,50,5
34,CRM,0.005018523396839472,QLSTM,2.2,4,3,0.010860,5,16,50,5
34,PFE,0.006794589084827087,QLSTM,2.2,4,3,0.010860,5,16,50,5
34,NFLX,0.0036046784106557343,QLSTM,2.2,4,3,0.010860,5,16,50,5
34,AMD,0.004738563036715443,QLSTM,2.2,4,3,0.010860,5,16,50,5
34,ABT,0.0064681434305384755,QLSTM,2.2,4,3,0.010860,5,16,50,5
34,PM,0.010680206024765292,QLSTM,2.2,4,3,0.010860,5,16,50,5
34,BA,0.007252448672344061,QLSTM,2.2,4,3,0.010860,5,16,50,5
34,NKE,0.004265460497911342,QLSTM,2.2,4,3,0.010860,5,16,50,5
34,GS,0.009405150744979355,QLSTM,2.2,4,3,0.010860,5,16,50,5
34,T,0.005218171493404291,QLSTM,2.2,4,3,0.010860,5,16,50,5
34,C,0.0059441311644728885,QLSTM,2.2,4,3,0.010860,5,16,50,5
34,MU,0.0077405802016569806,QLSTM,2.2,4,3,0.010860,5,16,50,5
35,NVDA,0.005316253359937532,QLSTM,2.2,4,3,0.010280,5,16,50,5
35,DIS,0.005154919149142436,QLSTM,2.2,4,3,0.010280,5,16,50,5
35,KO,0.010795050258324905,QLSTM,2.2,4,3,0.010280,5,16,50,5
35,MO,0.009055495029315352,QLSTM,2.2,4,3,0.010280,5,16,50,5
35,BABA,0.014498372414064679,QLSTM,2.2,4,3,0.010280,5,16,50,5
35,MA,0.013284772274677049,QLSTM,2.2,4,3,0.010280,5,16,50,5
35,V,0.016645568041977556,QLSTM,2.2,4,3,0.010280,5,16,50,5
35,JPM,0.005856444847516038,QLSTM,2.2,4,3,0.010280,5,16,50,5
35,PG,0.009444508066570217,QLSTM,2.2,4,3,0.010280,5,16,50,5
35,TSM,0.003724968230182474,QLSTM,2.2,4,3,0.010280,5,16,50,5
35,META,0.004114569085438482,QLSTM,2.2,4,3,0.010280,5,16,50,5
35,TSLA,0.0076552037710577924,QLSTM,2.2,4,3,0.010280,5,16,50,5
35,MSFT,0.008226514158939774,QLSTM,2.2,4,3,0.010280,5,16,50,5
35,AAPL,0.012857429408044978,QLSTM,2.2,4,3,0.010280,5,16,50,5
35,ABBV,0.005396980294873091,QLSTM,2.2,4,3,0.010280,5,16,50,5
35,PEP,0.015189157227392901,QLSTM,2.2,4,3,0.010280,5,16,50,5
35,CRM,0.004423761507496238,QLSTM,2.2,4,3,0.010280,5,16,50,5
35,PFE,0.0065599701430817895,QLSTM,2.2,4,3,0.010280,5,16,50,5
35,NFLX,0.0032902899335815823,QLSTM,2.2,4,3,0.010280,5,16,50,5
35,AMD,0.00507542152296413,QLSTM,2.2,4,3,0.010280,5,16,50,5
35,ABT,0.006474244450642304,QLSTM,2.2,4,3,0.010280,5,16,50,5
35,PM,0.01135457997125658,QLSTM,2.2,4,3,0.010280,5,16,50,5
35,BA,0.007225896729241041,QLSTM,2.2,4,3,0.010280,5,16,50,5
35,NKE,0.004259577089793642,QLSTM,2.2,4,3,0.010280,5,16,50,5
35,GS,0.009401083754544909,QLSTM,2.2,4,3,0.010280,5,16,50,5
35,T,0.005227180634392425,QLSTM,2.2,4,3,0.010280,5,16,50,5
35,C,0.006446175700561566,QLSTM,2.2,4,3,0.010280,5,16,50,5
35,MU,0.007801301396367225,QLSTM,2.2,4,3,0.010280,5,16,50,5
36,NVDA,0.005378948614551601,QLSTM,2.2,4,3,0.009700,5,16,50,5
36,DIS,0.005023427826183086,QLSTM,2.2,4,3,0.009700,5,16,50,5
36,KO,0.01108881826935844,QLSTM,2.2,4,3,0.009700,5,16,50,5
36,MO,0.008182205905375833,QLSTM,2.2,4,3,0.009700,5,16,50,5
36,BABA,0.014131998241117055,QLSTM,2.2,4,3,0.009700,5,16,50,5
36,MA,0.01334394559010186,QLSTM,2.2,4,3,0.009700,5,16,50,5
36,V,0.01644643595103513,QLSTM,2.2,4,3,0.009700,5,16,50,5
36,JPM,0.00584757256067612,QLSTM,2.2,4,3,0.009700,5,16,50,5
36,PG,0.009512304688211192,QLSTM,2.2,4,3,0.009700,5,16,50,5
36,TSM,0.004182777108243582,QLSTM,2.2,4,3,0.009700,5,16,50,5
36,META,0.004373747381826185,QLSTM,2.2,4,3,0.009700,5,16,50,5
36,TSLA,0.007813639846228232,QLSTM,2.2,4,3,0.009700,5,16,50,5
36,MSFT,0.00867650960572064,QLSTM,2.2,4,3,0.009700,5,16,50,5
36,AAPL,0.012795942242849957,QLSTM,2.2,4,3,0.009700,5,16,50,5
36,ABBV,0.005320109903219749,QLSTM,2.2,4,3,0.009700,5,16,50,5
36,PEP,0.01539927754889835,QLSTM,2.2,4,3,0.009700,5,16,50,5
36,CRM,0.005079674206420102,QLSTM,2.2,4,3,0.009700,5,16,50,5
36,PFE,0.0067001536425033755,QLSTM,2.2,4,3,0.009700,5,16,50,5
36,NFLX,0.0035449389833956957,QLSTM,2.2,4,3,0.009700,5,16,50,5
36,AMD,0.004851578322069889,QLSTM,2.2,4,3,0.009700,5,16,50,5
36,ABT,0.006410668942738663,QLSTM,2.2,4,3,0.009700,5,16,50,5
36,PM,0.010817602954127571,QLSTM,2.2,4,3,0.009700,5,16,50,5
36,BA,0.0072423923252658414,QLSTM,2.2,4,3,0.009700,5,16,50,5
36,NKE,0.004197075619065965,QLSTM,2.2,4,3,0.009700,5,16,50,5
36,GS,0.009422466952607712,QLSTM,2.2,4,3,0.009700,5,16,50,5
36,T,0.005522080548954281,QLSTM,2.2,4,3,0.009700,5,16,50,5
36,C,0.006134249523959376,QLSTM,2.2,4,3,0.009700,5,16,50,5
36,MU,0.007620351008054885,QLSTM,2.2,4,3,0.009700,5,16,50,5
37,NVDA,0.0053794761399992485,QLSTM,2.2,4,3,0.009120,5,16,50,5
37,DIS,0.005213644683615051,QLSTM,2.2,4,3,0.009120,5,16,50,5
37,KO,0.011244314426386898,QLSTM,2.2,4,3,0.009120,5,16,50,5
37,MO,0.008711739125746217,QLSTM,2.2,4,3,0.009120,5,16,50,5
37,BABA,0.015059362864121795,QLSTM,2.2,4,3,0.009120,5,16,50,5
37,MA,0.013503234928727827,QLSTM,2.2,4,3,0.009120,5,16,50,5
37,V,0.016611566703597255,QLSTM,2.2,4,3,0.009120,5,16,50,5
37,JPM,0.005971037105403163,QLSTM,2.2,4,3,0.009120,5,16,50,5
37,PG,0.009935085831040686,QLSTM,2.2,4,3,0.009120,5,16,50,5
37,TSM,0.0037882683788087556,QLSTM,2.2,4,3,0.009120,5,16,50,5
37,META,0.004129938257392496,QLSTM,2.2,4,3,0.009120,5,16,50,5
37,TSLA,0.007730404343667694,QLSTM,2.2,4,3,0.009120,5,16,50,5
37,MSFT,0.00866809078830887,QLSTM,2.2,4,3,0.009120,5,16,50,5
37,AAPL,0.01270149641839618,QLSTM,2.2,4,3,0.009120,5,16,50,5
37,ABBV,0.005375184388619594,QLSTM,2.2,4,3,0.009120,5,16,50,5
37,PEP,0.014887134502218529,QLSTM,2.2,4,3,0.009120,5,16,50,5
37,CRM,0.004455193326893178,QLSTM,2.2,4,3,0.009120,5,16,50,5
37,PFE,0.006478262472559105,QLSTM,2.2,4,3,0.009120,5,16,50,5
37,NFLX,0.00348970901475034,QLSTM,2.2,4,3,0.009120,5,16,50,5
37,AMD,0.004767404985614121,QLSTM,2.2,4,3,0.009120,5,16,50,5
37,ABT,0.006364652199078013,QLSTM,2.2,4,3,0.009120,5,16,50,5
37,PM,0.01058003169865432,QLSTM,2.2,4,3,0.009120,5,16,50,5
37,BA,0.00721214956138283,QLSTM,2.2,4,3,0.009120,5,16,50,5
37,NKE,0.004156338225584477,QLSTM,2.2,4,3,0.009120,5,16,50,5
37,GS,0.00969192238566889,QLSTM,2.2,4,3,0.009120,5,16,50,5
37,T,0.005029036980968985,QLSTM,2.2,4,3,0.009120,5,16,50,5
37,C,0.006312613232611594,QLSTM,2.2,4,3,0.009120,5,16,50,5
37,MU,0.007650140672922134,QLSTM,2.2,4,3,0.009120,5,16,50,5
38,NVDA,0.005352438289926134,QLSTM,2.2,4,3,0.008540,5,16,50,5
38,DIS,0.005325774217701771,QLSTM,2.2,4,3,0.008540,5,16,50,5
38,KO,0.010767069401812147,QLSTM,2.2,4,3,0.008540,5,16,50,5
38,MO,0.00819719102318314,QLSTM,2.2,4,3,0.008540,5,16,50,5
38,BABA,0.013759292312897742,QLSTM,2.2,4,3,0.008540,5,16,50,5
38,MA,0.013207548382607374,QLSTM,2.2,4,3,0.008540,5,16,50,5
38,V,0.016278866106982936,QLSTM,2.2,4,3,0.008540,5,16,50,5
38,JPM,0.00552736783654175,QLSTM,2.2,4,3,0.008540,5,16,50,5
38,PG,0.009496920858509839,QLSTM,2.2,4,3,0.008540,5,16,50,5
38,TSM,0.004332751802973111,QLSTM,2.2,4,3,0.008540,5,16,50,5
38,META,0.004159608453681523,QLSTM,2.2,4,3,0.008540,5,16,50,5
38,TSLA,0.007702818177428774,QLSTM,2.2,4,3,0.008540,5,16,50,5
38,MSFT,0.00846625925888392,QLSTM,2.2,4,3,0.008540,5,16,50,5
38,AAPL,0.012582323725589296,QLSTM,2.2,4,3,0.008540,5,16,50,5
38,ABBV,0.005462216456759383,QLSTM,2.2,4,3,0.008540,5,16,50,5
38,PEP,0.01564262096177448,QLSTM,2.2,4,3,0.008540,5,16,50,5
38,CRM,0.004630578874970193,QLSTM,2.2,4,3,0.008540,5,16,50,5
38,PFE,0.006731247021393342,QLSTM,2.2,4,3,0.008540,5,16,50,5
38,NFLX,0.003406134137714451,QLSTM,2.2,4,3,0.008540,5,16,50,5
38,AMD,0.004854816430121322,QLSTM,2.2,4,3,0.008540,5,16,50,5
38,ABT,0.0064615437718616294,QLSTM,2.2,4,3,0.008540,5,16,50,5
38,PM,0.010968682631342248,QLSTM,2.2,4,3,0.008540,5,16,50,5
38,BA,0.007163002928295596,QLSTM,2.2,4,3,0.008540,5,16,50,5
38,NKE,0.0041693525537001815,QLSTM,2.2,4,3,0.008540,5,16,50,5
38,GS,0.009568803689696571,QLSTM,2.2,4,3,0.008540,5,16,50,5
38,T,0.004904763090466572,QLSTM,2.2,4,3,0.008540,5,16,50,5
38,C,0.006325926663438705,QLSTM,2.2,4,3,0.008540,5,16,50,5
38,MU,0.007878755938939073,QLSTM,2.2,4,3,0.008540,5,16,50,5
39,NVDA,0.0053078991636125875,QLSTM,2.2,4,3,0.007960,5,16,50,5
39,DIS,0.005058041318658401,QLSTM,2.2,4,3,0.007960,5,16,50,5
39,KO,0.010744299115189775,QLSTM,2.2,4,3,0.007960,5,16,50,5
39,MO,0.00816482803995975,QLSTM,2.2,4,3,0.007960,5,16,50,5
39,BABA,0.013436601200903004,QLSTM,2.2,4,3,0.007960,5,16,50,5
39,MA,0.013119595866142348,QLSTM,2.2,4,3,0.007960,5,16,50,5
39,V,0.016373203263025393,QLSTM,2.2,4,3,0.007960,5,16,50,5
39,JPM,0.005686379503458738,QLSTM,2.2,4,3,0.007960,5,16,50,5
39,PG,0.009601615136489272,QLSTM,2.2,4,3,0.007960,5,16,50,5
39,TSM,0.004332806676922535,QLSTM,2.2,4,3,0.007960,5,16,50,5
39,META,0.0043391690705902874,QLSTM,2.2,4,3,0.007960,5,16,50,5
39,TSLA,0.007707430123859508,QLSTM,2.2,4,3,0.007960,5,16,50,5
39,MSFT,0.008515209975567732,QLSTM,2.2,4,3,0.007960,5,16,50,5
39,AAPL,0.012373381908136334,QLSTM,2.2,4,3,0.007960,5,16,50,5
39,ABBV,0.005543539184145629,QLSTM,2.2,4,3,0.007960,5,16,50,5
39,PEP,0.015758305174213918,QLSTM,2.2,4,3,0.007960,5,16,50,5
39,CRM,0.004624426301399415,QLSTM,2.2,4,3,0.007960,5,16,50,5
39,PFE,0.006710641202516854,QLSTM,2.2,4,3,0.007960,5,16,50,5
39,NFLX,0.0037399352401156316,QLSTM,2.2,4,3,0.007960,5,16,50,5
39,AMD,0.004752932899546894,QLSTM,2.2,4,3,0.007960,5,16,50,5
39,ABT,0.006429167496125129,QLSTM,2.2,4,3,0.007960,5,16,50,5
39,PM,0.010578213217244907,QLSTM,2.2,4,3,0.007960,5,16,50,5
39,BA,0.007267057334750213,QLSTM,2.2,4,3,0.007960,5,16,50,5
39,NKE,0.004233818374235521,QLSTM,2.2,4,3,0.007960,5,16,50,5
39,GS,0.00956400185400112,QLSTM,2.2,4,3,0.007960,5,16,50,5
39,T,0.005121235725131224,QLSTM,2.2,4,3,0.007960,5,16,50,5
39,C,0.006438095037910071,QLSTM,2.2,4,3,0.007960,5,16,50,5
39,MU,0.007586136735467749,QLSTM,2.2,4,3,0.007960,5,16,50,5
40,NVDA,0.005245133631185375,QLSTM,2.2,4,3,0.007380,5,16,50,5
40,DIS,0.005027250577272339,QLSTM,2.2,4,3,0.007380,5,16,50,5
40,KO,0.01100171556357633,QLSTM,2.2,4,3,0.007380,5,16,50,5
40,MO,0.008202397391538729,QLSTM,2.2,4,3,0.007380,5,16,50,5
40,BABA,0.013972042668187483,QLSTM,2.2,4,3,0.007380,5,16,50,5
40,MA,0.013034089240880514,QLSTM,2.2,4,3,0.007380,5,16,50,5
40,V,0.01644440477883274,QLSTM,2.2,4,3,0.007380,5,16,50,5
40,JPM,0.005385582790371369,QLSTM,2.2,4,3,0.007380,5,16,50,5
40,PG,0.00941418621435084,QLSTM,2.2,4,3,0.007380,5,16,50,5
40,TSM,0.0037885771387002683,QLSTM,2.2,4,3,0.007380,5,16,50,5
40,META,0.004367289043412628,QLSTM,2.2,4,3,0.007380,5,16,50,5
40,TSLA,0.007542895957488905,QLSTM,2.2,4,3,0.007380,5,16,50,5
40,MSFT,0.008923988196660172,QLSTM,2.2,4,3,0.007380,5,16,50,5
40,AAPL,0.012545484774322673,QLSTM,2.2,4,3,0.007380,5,16,50,5
40,ABBV,0.005174805531913245,QLSTM,2.2,4,3,0.007380,5,16,50,5
40,PEP,0.015476846813478252,QLSTM,2.2,4,3,0.007380,5,16,50,5
40,CRM,0.004591266487047754,QLSTM,2.2,4,3,0.007380,5,16,50,5
40,PFE,0.006514199617826803,QLSTM,2.2,4,3,0.007380,5,16,50,5
40,NFLX,0.0033265073513823813,QLSTM,2.2,4,3,0.007380,5,16,50,5
40,AMD,0.004874105237170376,QLSTM,2.2,4,3,0.007380,5,16,50,5
40,ABT,0.006450707928954877,QLSTM,2.2,4,3,0.007380,5,16,50,5
40,PM,0.010480659103698352,QLSTM,2.2,4,3,0.007380,5,16,50,5
40,BA,0.006931961852718483,QLSTM,2.2,4,3,0.007380,5,16,50,5
40,NKE,0.0041912285960279405,QLSTM,2.2,4,3,0.007380,5,16,50,5
40,GS,0.0093920251396908,QLSTM,2.2,4,3,0.007380,5,16,50,5
40,T,0.004980722209438682,QLSTM,2.2,4,3,0.007380,5,16,50,5
40,C,0.006379090440036221,QLSTM,2.2,4,3,0.007380,5,16,50,5
40,MU,0.007586741756478494,QLSTM,2.2,4,3,0.007380,5,16,50,5
41,NVDA,0.005452406973662702,QLSTM,2.2,4,3,0.006800,5,16,50,5
41,DIS,0.004875799418765713,QLSTM,2.2,4,3,0.006800,5,16,50,5
41,KO,0.01050181458280845,QLSTM,2.2,4,3,0.006800,5,16,50,5
41,MO,0.008506659682924774,QLSTM,2.2,4,3,0.006800,5,16,50,5
41,BABA,0.013732536674731156,QLSTM,2.2,4,3,0.006800,5,16,50,5
41,MA,0.013207208915528927,QLSTM,2.2,4,3,0.006800,5,16,50,5
41,V,0.01616100137206641,QLSTM,2.2,4,3,0.006800,5,16,50,5
41,JPM,0.00550619542429393,QLSTM,2.2,4,3,0.006800,5,16,50,5
41,PG,0.009206998013806615,QLSTM,2.2,4,3,0.006800,5,16,50,5
41,TSM,0.0041915610940618945,QLSTM,2.2,4,3,0.006800,5,16,50,5
41,META,0.004118969753934917,QLSTM,2.2,4,3,0.006800,5,16,50,5
41,TSLA,0.00790637944539247,QLSTM,2.2,4,3,0.006800,5,16,50,5
41,MSFT,0.008370345818217505,QLSTM,2.2,4,3,0.006800,5,16,50,5
41,AAPL,0.012572534382343292,QLSTM,2.2,4,3,0.006800,5,16,50,5
41,ABBV,0.0054593959516337645,QLSTM,2.2,4,3,0.006800,5,16,50,5
41,PEP,0.015579310711473227,QLSTM,2.2,4,3,0.006800,5,16,50,5
41,CRM,0.005210458734919402,QLSTM,2.2,4,3,0.006800,5,16,50,5
41,PFE,0.006722146359441633,QLSTM,2.2,4,3,0.006800,5,16,50,5
41,NFLX,0.003334447487511418,QLSTM,2.2,4,3,0.006800,5,16,50,5
41,AMD,0.005084505675106563,QLSTM,2.2,4,3,0.006800,5,16,50,5
41,ABT,0.00638572456823154,QLSTM,2.2,4,3,0.006800,5,16,50,5
41,PM,0.010486894731663844,QLSTM,2.2,4,3,0.006800,5,16,50,5
41,BA,0.006912807447158478,QLSTM,2.2,4,3,0.006800,5,16,50,5
41,NKE,0.004093920886093242,QLSTM,2.2,4,3,0.006800,5,16,50,5
41,GS,0.009541959861632098,QLSTM,2.2,4,3,0.006800,5,16,50,5
41,T,0.005272665214513175,QLSTM,2.2,4,3,0.006800,5,16,50,5
41,C,0.005905253855003552,QLSTM,2.2,4,3,0.006800,5,16,50,5
41,MU,0.007792070000009103,QLSTM,2.2,4,3,0.006800,5,16,50,5
42,NVDA,0.005214446626434272,QLSTM,2.2,4,3,0.006220,5,16,50,5
42,DIS,0.0049832188630137934,QLSTM,2.2,4,3,0.006220,5,16,50,5
42,KO,0.010777985020963983,QLSTM,2.2,4,3,0.006220,5,16,50,5
42,MO,0.008289369087750938,QLSTM,2.2,4,3,0.006220,5,16,50,5
42,BABA,0.013370686930350283,QLSTM,2.2,4,3,0.006220,5,16,50,5
42,MA,0.013365709815513004,QLSTM,2.2,4,3,0.006220,5,16,50,5
42,V,0.01635783006945117,QLSTM,2.2,4,3,0.006220,5,16,50,5
42,JPM,0.005556474397466941,QLSTM,2.2,4,3,0.006220,5,16,50,5
42,PG,0.009767641228708353,QLSTM,2.2,4,3,0.006220,5,16,50,5
42,TSM,0.003940056363882666,QLSTM,2.2,4,3,0.006220,5,16,50,5
42,META,0.004099610489158129,QLSTM,2.2,4,3,0.006220,5,16,50,5
42,TSLA,0.008326706069055945,QLSTM,2.2,4,3,0.006220,5,16,50,5
42,MSFT,0.008565000935711643,QLSTM,2.2,4,3,0.006220,5,16,50,5
42,AAPL,0.012420896461910823,QLSTM,2.2,4,3,0.006220,5,16,50,5
42,ABBV,0.005435694056690078,QLSTM,2.2,4,3,0.006220,5,16,50,5
42,PEP,0.015745155365121635,QLSTM,2.2,4,3,0.006220,5,16,50,5
42,CRM,0.004260559275280684,QLSTM,2.2,4,3,0.006220,5,16,50,5
42,PFE,0.006634495009414174,QLSTM,2.2,4,3,0.006220,5,16,50,5
42,NFLX,0.003330535162769427,QLSTM,2.2,4,3,0.006220,5,16,50,5
42,AMD,0.005047022714279592,QLSTM,2.2,4,3,0.006220,5,16,50,5
42,ABT,0.006507617686028508,QLSTM,2.2,4,3,0.006220,5,16,50,5
42,PM,0.010414449095895345,QLSTM,2.2,4,3,0.006220,5,16,50,5
42,BA,0.007004316070709716,QLSTM,2.2,4,3,0.006220,5,16,50,5
42,NKE,0.004160895731977441,QLSTM,2.2,4,3,0.006220,5,16,50,5
42,GS,0.00925059652548622,QLSTM,2.2,4,3,0.006220,5,16,50,5
42,T,0.004909869754390622,QLSTM,2.2,4,3,0.006220,5,16,50,5
42,C,0.006500753574073315,QLSTM,2.2,4,3,0.006220,5,16,50,5
42,MU,0.007550222206522118,QLSTM,2.2,4,3,0.006220,5,16,50,5
43,NVDA,0.0052979738578539,QLSTM,2.2,4,3,0.005640,5,16,50,5
43,DIS,0.0049122182588854976,QLSTM,2.2,4,3,0.005640,5,16,50,5
43,KO,0.010360194613564421,QLSTM,2.2,4,3,0.005640,5,16,50,5
43,MO,0.008343710881573234,QLSTM,2.2,4,3,0.005640,5,16,50,5
43,BABA,0.013145139440894127,QLSTM,2.2,4,3,0.005640,5,16,50,5
43,MA,0.013266629814593629,QLSTM,2.2,4,3,0.005640,5,16,50,5
43,V,0.016708710400218315,QLSTM,2.2,4,3,0.005640,5,16,50,5
43,JPM,0.005445436997847123,QLSTM,2.2,4,3,0.005640,5,16,50,5
43,PG,0.00935272276613184,QLSTM,2.2,4,3,0.005640,5,16,50,5
43,TSM,0.003896595201116394,QLSTM,2.2,4,3,0.005640,5,16,50,5
43,META,0.0041894326356916945,QLSTM,2.2,4,3,0.005640,5,16,50,5
43,TSLA,0.008340676352170041,QLSTM,2.2,4,3,0.005640,5,16,50,5
43,MSFT,0.008736933645030314,QLSTM,2.2,4,3,0.005640,5,16,50,5
43,AAPL,0.012486482949250123,QLSTM,2.2,4,3,0.005640,5,16,50,5
43,ABBV,0.0053488978565755215,QLSTM,2.2,4,3,0.005640,5,16,50,5
43,PEP,0.015188946155831218,QLSTM,2.2,4,3,0.005640,5,16,50,5
43,CRM,0.004854812244461341,QLSTM,2.2,4,3,0.005640,5,16,50,5
43,PFE,0.006525479669852013,QLSTM,2.2,4,3,0.005640,5,16,50,5
43,NFLX,0.0034650002304591576,QLSTM,2.2,4,3,0.005640,5,16,50,5
43,AMD,0.004858454456552863,QLSTM,2.2,4,3,0.005640,5,16,50,5
43,ABT,0.006406711012294347,QLSTM,2.2,4,3,0.005640,5,16,50,5
43,PM,0.010637099283154716,QLSTM,2.2,4,3,0.005640,5,16,50,5
43,BA,0.007167679437605495,QLSTM,2.2,4,3,0.005640,5,16,50,5
43,NKE,0.004184463262473318,QLSTM,2.2,4,3,0.005640,5,16,50,5
43,GS,0.009364485613663088,QLSTM,2.2,4,3,0.005640,5,16,50,5
43,T,0.004854768996169282,QLSTM,2.2,4,3,0.005640,5,16,50,5
43,C,0.006206172804178839,QLSTM,2.2,4,3,0.005640,5,16,50,5
43,MU,0.007465766605243764,QLSTM,2.2,4,3,0.005640,5,16,50,5
44,NVDA,0.0051507855638523,QLSTM,2.2,4,3,0.005060,5,16,50,5
44,DIS,0.004835273848253895,QLSTM,2.2,4,3,0.005060,5,16,50,5
44,KO,0.010559377366338264,QLSTM,2.2,4,3,0.005060,5,16,50,5
44,MO,0.00834860766983845,QLSTM,2.2,4,3,0.005060,5,16,50,5
44,BABA,0.013608861820433627,QLSTM,2.2,4,3,0.005060,5,16,50,5
44,MA,0.01271544269878756,QLSTM,2.2,4,3,0.005060,5,16,50,5
44,V,0.016355821460654788,QLSTM,2.2,4,3,0.005060,5,16,50,5
44,JPM,0.005507025195666673,QLSTM,2.2,4,3,0.005060,5,16,50,5
44,PG,0.009294583853757516,QLSTM,2.2,4,3,0.005060,5,16,50,5
44,TSM,0.0037494722161103377,QLSTM,2.2,4,3,0.005060,5,16,50,5
44,META,0.0042583164176903665,QLSTM,2.2,4,3,0.005060,5,16,50,5
44,TSLA,0.007040079788897525,QLSTM,2.2,4,3,0.005060,5,16,50,5
44,MSFT,0.008809553374621,QLSTM,2.2,4,3,0.005060,5,16,50,5
44,AAPL,0.012632842969403348,QLSTM,2.2,4,3,0.005060,5,16,50,5
44,ABBV,0.005016471111130985,QLSTM,2.2,4,3,0.005060,5,16,50,5
44,PEP,0.014859803179702298,QLSTM,2.2,4,3,0.005060,5,16,50,5
44,CRM,0.004616553043226965,QLSTM,2.2,4,3,0.005060,5,16,50,5
44,PFE,0.006399519201791422,QLSTM,2.2,4,3,0.005060,5,16,50,5
44,NFLX,0.0032307884671767665,QLSTM,2.2,4,3,0.005060,5,16,50,5
44,AMD,0.004736795502884144,QLSTM,2.2,4,3,0.005060,5,16,50,5
44,ABT,0.006394690855152227,QLSTM,2.2,4,3,0.005060,5,16,50,5
44,PM,0.010998127230612392,QLSTM,2.2,4,3,0.005060,5,16,50,5
44,BA,0.007026743344877931,QLSTM,2.2,4,3,0.005060,5,16,50,5
44,NKE,0.004153933915817602,QLSTM,2.2,4,3,0.005060,5,16,50,5
44,GS,0.009333217262544415,QLSTM,2.2,4,3,0.005060,5,16,50,5
44,T,0.004929736621720208,QLSTM,2.2,4,3,0.005060,5,16,50,5
44,C,0.006228247583335774,QLSTM,2.2,4,3,0.005060,5,16,50,5
44,MU,0.007463259389624,QLSTM,2.2,4,3,0.005060,5,16,50,5
45,NVDA,0.005212905340489338,QLSTM,2.2,4,3,0.004480,5,16,50,5
45,DIS,0.004767527539198371,QLSTM,2.2,4,3,0.004480,5,16,50,5
45,KO,0.010682129131799395,QLSTM,2.2,4,3,0.004480,5,16,50,5
45,MO,0.007967718675817278,QLSTM,2.2,4,3,0.004480,5,16,50,5
45,BABA,0.012905636241405526,QLSTM,2.2,4,3,0.004480,5,16,50,5
45,MA,0.013152376134795222,QLSTM,2.2,4,3,0.004480,5,16,50,5
45,V,0.016763642451471904,QLSTM,2.2,4,3,0.004480,5,16,50,5
45,JPM,0.005514129996299744,QLSTM,2.2,4,3,0.004480,5,16,50,5
45,PG,0.009330684382637794,QLSTM,2.2,4,3,0.004480,5,16,50,5
45,TSM,0.004177941977766089,QLSTM,2.2,4,3,0.004480,5,16,50,5
45,META,0.004310623700307174,QLSTM,2.2,4,3,0.004480,5,16,50,5
45,TSLA,0.007406836227429184,QLSTM,2.2,4,3,0.004480,5,16,50,5
45,MSFT,0.008457632185044613,QLSTM,2.2,4,3,0.004480,5,16,50,5
45,AAPL,0.012712928000837564,QLSTM,2.2,4,3,0.004480,5,16,50,5
45,ABBV,0.004765783695885065,QLSTM,2.2,4,3,0.004480,5,16,50,5
45,PEP,0.015027493047951297,QLSTM,2.2,4,3,0.004480,5,16,50,5
45,CRM,0.004401062117804858,QLSTM,2.2,4,3,0.004480,5,16,50,5
45,PFE,0.006414094029671766,QLSTM,2.2,4,3,0.004480,5,16,50,5
45,NFLX,0.003458964564329521,QLSTM,2.2,4,3,0.004480,5,16,50,5
45,AMD,0.00478061780185354,QLSTM,2.2,4,3,0.004480,5,16,50,5
45,ABT,0.006320467642085118,QLSTM,2.2,4,3,0.004480,5,16,50,5
45,PM,0.010457198273136535,QLSTM,2.2,4,3,0.004480,5,16,50,5
45,BA,0.007088951353745704,QLSTM,2.2,4,3,0.004480,5,16,50,5
45,NKE,0.0040784693926318805,QLSTM,2.2,4,3,0.004480,5,16,50,5
45,GS,0.009496043478562073,QLSTM,2.2,4,3,0.004480,5,16,50,5
45,T,0.004776796654120765,QLSTM,2.2,4,3,0.004480,5,16,50,5
45,C,0.006398087367415428,QLSTM,2.2,4,3,0.004480,5,16,50,5
45,MU,0.0074360074623572555,QLSTM,2.2,4,3,0.004480,5,16,50,5
46,NVDA,0.005226626320191744,QLSTM,2.2,4,3,0.003900,5,16,50,5
46,DIS,0.004735414727209983,QLSTM,2.2,4,3,0.003900,5,16,50,5
46,KO,0.010529495564035395,QLSTM,2.2,4,3,0.003900,5,16,50,5
46,MO,0.008191873771879314,QLSTM,2.2,4,3,0.003900,5,16,50,5
46,BABA,0.013234460070221261,QLSTM,2.2,4,3,0.003900,5,16,50,5
46,MA,0.012701911322603171,QLSTM,2.2,4,3,0.003900,5,16,50,5
46,V,0.016484688988632777,QLSTM,2.2,4,3,0.003900,5,16,50,5
46,JPM,0.005362529974346134,QLSTM,2.2,4,3,0.003900,5,16,50,5
46,PG,0.009172280234369364,QLSTM,2.2,4,3,0.003900,5,16,50,5
46,TSM,0.003953619082246653,QLSTM,2.2,4,3,0.003900,5,16,50,5
46,META,0.004258749112275175,QLSTM,2.2,4,3,0.003900,5,16,50,5
46,TSLA,0.007168491640847854,QLSTM,2.2,4,3,0.003900,5,16,50,5
46,MSFT,0.008431338546374305,QLSTM,2.2,4,3,0.003900,5,16,50,5
46,AAPL,0.012653067178854888,QLSTM,2.2,4,3,0.003900,5,16,50,5
46,ABBV,0.005079330273226581,QLSTM,2.2,4,3,0.003900,5,16,50,5
46,PEP,0.015059008284217933,QLSTM,2.2,4,3,0.003900,5,16,50,5
46,CRM,0.0045911286936395545,QLSTM,2.2,4,3,0.003900,5,16,50,5
46,PFE,0.006438175639645619,QLSTM,2.2,4,3,0.003900,5,16,50,5
46,NFLX,0.003317199544240297,QLSTM,2.2,4,3,0.003900,5,16,50,5
46,AMD,0.004982092841105027,QLSTM,2.2,4,3,0.003900,5,16,50,5
46,ABT,0.006243676402267407,QLSTM,2.2,4,3,0.003900,5,16,50,5
46,PM,0.010707215490666304,QLSTM,2.2,4,3,0.003900,5,16,50,5
46,BA,0.0070723439037630505,QLSTM,2.2,4,3,0.003900,5,16,50,5
46,NKE,0.004058600932529027,QLSTM,2.2,4,3,0.003900,5,16,50,5
46,GS,0.009170978266576474,QLSTM,2.2,4,3,0.003900,5,16,50,5
46,T,0.0048453235702419824,QLSTM,2.2,4,3,0.003900,5,16,50,5
46,C,0.006302135096947578,QLSTM,2.2,4,3,0.003900,5,16,50,5
46,MU,0.007568756277164953,QLSTM,2.2,4,3,0.003900,5,16,50,5
47,NVDA,0.005224366333674301,QLSTM,2.2,4,3,0.003320,5,16,50,5
47,DIS,0.004795478307642043,QLSTM,2.2,4,3,0.003320,5,16,50,5
47,KO,0.010516953728669747,QLSTM,2.2,4,3,0.003320,5,16,50,5
47,MO,0.008027023254809055,QLSTM,2.2,4,3,0.003320,5,16,50,5
47,BABA,0.012642475003799931,QLSTM,2.2,4,3,0.003320,5,16,50,5
47,MA,0.013539515202865005,QLSTM,2.2,4,3,0.003320,5,16,50,5
47,V,0.01630848269401626,QLSTM,2.2,4,3,0.003320,5,16,50,5
47,JPM,0.005268483687276867,QLSTM,2.2,4,3,0.003320,5,16,50,5
47,PG,0.009153972104699775,QLSTM,2.2,4,3,0.003320,5,16,50,5
47,TSM,0.004127432491672648,QLSTM,2.2,4,3,0.003320,5,16,50,5
47,META,0.004300884111382236,QLSTM,2.2,4,3,0.003320,5,16,50,5
47,TSLA,0.007122258227106861,QLSTM,2.2,4,3,0.003320,5,16,50,5
47,MSFT,0.008118013195185498,QLSTM,2.2,4,3,0.003320,5,16,50,5
47,AAPL,0.012421108676459302,QLSTM,2.2,4,3,0.003320,5,16,50,5
47,ABBV,0.005049481040755795,QLSTM,2.2,4,3,0.003320,5,16,50,5
47,PEP,0.014796207944693213,QLSTM,2.2,4,3,0.003320,5,16,50,5
47,CRM,0.00424705264264379,QLSTM,2.2,4,3,0.003320,5,16,50,5
47,PFE,0.006411861501295458,QLSTM,2.2,4,3,0.003320,5,16,50,5
47,NFLX,0.003199461371299218,QLSTM,2.2,4,3,0.003320,5,16,50,5
47,AMD,0.004854440032927828,QLSTM,2.2,4,3,0.003320,5,16,50,5
47,ABT,0.006242273989218203,QLSTM,2.2,4,3,0.003320,5,16,50,5
47,PM,0.010555346242406151,QLSTM,2.2,4,3,0.003320,5,16,50,5
47,BA,0.007023734580302103,QLSTM,2.2,4,3,0.003320,5,16,50,5
47,NKE,0.00409455042840405,QLSTM,2.2,4,3,0.003320,5,16,50,5
47,GS,0.00926743327132003,QLSTM,2.2,4,3,0.003320,5,16,50,5
47,T,0.0049873818590475075,QLSTM,2.2,4,3,0.003320,5,16,50,5
47,C,0.006191809857475825,QLSTM,2.2,4,3,0.003320,5,16,50,5
47,MU,0.007308927629227665,QLSTM,2.2,4,3,0.003320,5,16,50,5
48,NVDA,0.005226238355548544,QLSTM,2.2,4,3,0.002740,5,16,50,5
48,DIS,0.004698851865462281,QLSTM,2.2,4,3,0.002740,5,16,50,5
48,KO,0.010562090446579863,QLSTM,2.2,4,3,0.002740,5,16,50,5
48,MO,0.00804118916328827,QLSTM,2.2,4,3,0.002740,5,16,50,5
48,BABA,0.01274084494533864,QLSTM,2.2,4,3,0.002740,5,16,50,5
48,MA,0.012933753049847755,QLSTM,2.2,4,3,0.002740,5,16,50,5
48,V,0.016506004909222775,QLSTM,2.2,4,3,0.002740,5,16,50,5
48,JPM,0.005349875480698591,QLSTM,2.2,4,3,0.002740,5,16,50,5
48,PG,0.009395715314894915,QLSTM,2.2,4,3,0.002740,5,16,50,5
48,TSM,0.003925812049684199,QLSTM,2.2,4,3,0.002740,5,16,50,5
48,META,0.00453410815151239,QLSTM,2.2,4,3,0.002740,5,16,50,5
48,TSLA,0.007090463736941191,QLSTM,2.2,4,3,0.002740,5,16,50,5
48,MSFT,0.008180791681463068,QLSTM,2.2,4,3,0.002740,5,16,50,5
48,AAPL,0.012531007343733852,QLSTM,2.2,4,3,0.002740,5,16,50,5
48,ABBV,0.005395441252568906,QLSTM,2.2,4,3,0.002740,5,16,50,5
48,PEP,0.015202388061549176,QLSTM,2.2,4,3,0.002740,5,16,50,5
48,CRM,0.004275108539414677,QLSTM,2.2,4,3,0.002740,5,16,50,5
48,PFE,0.00644303268795325,QLSTM,2.2,4,3,0.002740,5,16,50,5
48,NFLX,0.003239207755541429,QLSTM,2.2,4,3,0.002740,5,16,50,5
48,AMD,0.004813841237178581,QLSTM,2.2,4,3,0.002740,5,16,50,5
48,ABT,0.006259162783284079,QLSTM,2.2,4,3,0.002740,5,16,50,5
48,PM,0.010458262266845188,QLSTM,2.2,4,3,0.002740,5,16,50,5
48,BA,0.007034128425981511,QLSTM,2.2,4,3,0.002740,5,16,50,5
48,NKE,0.004117805838838897,QLSTM,2.2,4,3,0.002740,5,16,50,5
48,GS,0.009200213053687052,QLSTM,2.2,4,3,0.002740,5,16,50,5
48,T,0.004851717157924379,QLSTM,2.2,4,3,0.002740,5,16,50,5
48,C,0.005979074170516635,QLSTM,2.2,4,3,0.002740,5,16,50,5
48,MU,0.00746046706229787,QLSTM,2.2,4,3,0.002740,5,16,50,5
49,NVDA,0.005298980506433343,QLSTM,2.2,4,3,0.002160,5,16,50,5
49,DIS,0.004727690057321029,QLSTM,2.2,4,3,0.002160,5,16,50,5
49,KO,0.010449915478767996,QLSTM,2.2,4,3,0.002160,5,16,50,5
49,MO,0.008173060714563524,QLSTM,2.2,4,3,0.002160,5,16,50,5
49,BABA,0.012808254623616283,QLSTM,2.2,4,3,0.002160,5,16,50,5
49,MA,0.012904558584771374,QLSTM,2.2,4,3,0.002160,5,16,50,5
49,V,0.016157946782186627,QLSTM,2.2,4,3,0.002160,5,16,50,5
49,JPM,0.005309501541143452,QLSTM,2.2,4,3,0.002160,5,16,50,5
49,PG,0.009102435475638644,QLSTM,2.2,4,3,0.002160,5,16,50,5
49,TSM,0.0040601268093186345,QLSTM,2.2,4,3,0.002160,5,16,50,5
49,META,0.0042361908761615105,QLSTM,2.2,4,3,0.002160,5,16,50,5
49,TSLA,0.006960419048978524,QLSTM,2.2,4,3,0.002160,5,16,50,5
49,MSFT,0.008280739548023452,QLSTM,2.2,4,3,0.002160,5,16,50,5
49,AAPL,0.012517753184180368,QLSTM,2.2,4,3,0.002160,5,16,50,5
49,ABBV,0.004850862177342854,QLSTM,2.2,4,3,0.002160,5,16,50,5
49,PEP,0.014690789711576972,QLSTM,2.2,4,3,0.002160,5,16,50,5
49,CRM,0.004122847839343277,QLSTM,2.2,4,3,0.002160,5,16,50,5
49,PFE,0.006429481626996262,QLSTM,2.2,4,3,0.002160,5,16,50,5
49,NFLX,0.003207499963040887,QLSTM,2.2,4,3,0.002160,5,16,50,5
49,AMD,0.0048203384609554305,QLSTM,2.2,4,3,0.002160,5,16,50,5
49,ABT,0.006185596173798496,QLSTM,2.2,4,3,0.002160,5,16,50,5
49,PM,0.01029759082435207,QLSTM,2.2,4,3,0.002160,5,16,50,5
49,BA,0.007056194283491509,QLSTM,2.2,4,3,0.002160,5,16,50,5
49,NKE,0.004075398435816169,QLSTM,2.2,4,3,0.002160,5,16,50,5
49,GS,0.009146611026318913,QLSTM,2.2,4,3,0.002160,5,16,50,5
49,T,0.00484534109339372,QLSTM,2.2,4,3,0.002160,5,16,50,5
49,C,0.0059297061313621025,QLSTM,2.2,4,3,0.002160,5,16,50,5
49,MU,0.007334271107207645,QLSTM,2.2,4,3,0.002160,5,16,50,5
50,NVDA,0.005246448510495777,QLSTM,2.2,4,3,0.001580,5,16,50,5
50,DIS,0.004613370433534411,QLSTM,2.2,4,3,0.001580,5,16,50,5
50,KO,0.010465398451990703,QLSTM,2.2,4,3,0.001580,5,16,50,5
50,MO,0.008098596590571105,QLSTM,2.2,4,3,0.001580,5,16,50,5
50,BABA,0.012821889672936364,QLSTM,2.2,4,3,0.001580,5,16,50,5
50,MA,0.01294923317618668,QLSTM,2.2,4,3,0.001580,5,16,50,5
50,V,0.0161026952449571,QLSTM,2.2,4,3,0.001580,5,16,50,5
50,JPM,0.00519914135590873,QLSTM,2.2,4,3,0.001580,5,16,50,5
50,PG,0.00925584434827959,QLSTM,2.2,4,3,0.001580,5,16,50,5
50,TSM,0.0039447325715710494,QLSTM,2.2,4,3,0.001580,5,16,50,5
50,META,0.004123037956147032,QLSTM,2.2,4,3,0.001580,5,16,50,5
50,TSLA,0.007104556272018023,QLSTM,2.2,4,3,0.001580,5,16,50,5
50,MSFT,0.008171116721562365,QLSTM,2.2,4,3,0.001580,5,16,50,5
50,AAPL,0.012393194695257327,QLSTM,2.2,4,3,0.001580,5,16,50,5
50,ABBV,0.004948264337144792,QLSTM,2.2,4,3,0.001580,5,16,50,5
50,PEP,0.014824225101619959,QLSTM,2.2,4,3,0.001580,5,16,50,5
50,CRM,0.0040676705856722865,QLSTM,2.2,4,3,0.001580,5,16,50,5
50,PFE,0.00637198863974349,QLSTM,2.2,4,3,0.001580,5,16,50,5
50,NFLX,0.00320681977477348,QLSTM,2.2,4,3,0.001580,5,16,50,5
50,AMD,0.0047881890125361015,QLSTM,2.2,4,3,0.001580,5,16,50,5
50,ABT,0.006212349716489288,QLSTM,2.2,4,3,0.001580,5,16,50,5
50,PM,0.010662584808993746,QLSTM,2.2,4,3,0.001580,5,16,50,5
50,BA,0.006992512160319497,QLSTM,2.2,4,3,0.001580,5,16,50,5
50,NKE,0.003998094069009478,QLSTM,2.2,4,3,0.001580,5,16,50,5
50,GS,0.009253227702257309,QLSTM,2.2,4,3,0.001580,5,16,50,5
50,T,0.004802739557238634,QLSTM,2.2,4,3,0.001580,5,16,50,5
50,C,0.005962447358549319,QLSTM,2.2,4,3,0.001580,5,16,50,5
50,MU,0.007446907471272756,QLSTM,2.2,4,3,0.001580,5,16,50,5
